statement_type,canonical_row_id,master_display_label,output_period,value,source_file,source_sheet,source_column,raw_line_label,raw_concept,source_method,derivation_formula
balance_sheet,html:cash-and-cash-equivalents,Cash and cash equivalents,1Q19,7358.0,AMGN_SEC-XBRL-financials_as-presented_10-Q_2019-05-01_0000318154-19-000018.xlsx,Balance Sheet,"March 31, 2019 (Unaudited) ASSETS",Cash and cash equivalents,html:cash-and-cash-equivalents,reported,
balance_sheet,html:marketable-securities,Marketable securities,1Q19,18943.0,AMGN_SEC-XBRL-financials_as-presented_10-Q_2019-05-01_0000318154-19-000018.xlsx,Balance Sheet,"March 31, 2019 (Unaudited) ASSETS",Marketable securities,html:marketable-securities,reported,
balance_sheet,html:trade-receivables-net,"Trade receivables, net",1Q19,3771.0,AMGN_SEC-XBRL-financials_as-presented_10-Q_2019-05-01_0000318154-19-000018.xlsx,Balance Sheet,"March 31, 2019 (Unaudited) ASSETS","Trade receivables, net",html:trade-receivables-net,reported,
balance_sheet,html:inventories,Inventories,1Q19,3016.0,AMGN_SEC-XBRL-financials_as-presented_10-Q_2019-05-01_0000318154-19-000018.xlsx,Balance Sheet,"March 31, 2019 (Unaudited) ASSETS",Inventories,html:inventories,reported,
balance_sheet,html:other-current-assets,Other current assets,1Q19,2063.0,AMGN_SEC-XBRL-financials_as-presented_10-Q_2019-05-01_0000318154-19-000018.xlsx,Balance Sheet,"March 31, 2019 (Unaudited) ASSETS",Other current assets,html:other-current-assets,reported,
balance_sheet,html:total-current-assets,Total current assets,1Q19,35151.0,AMGN_SEC-XBRL-financials_as-presented_10-Q_2019-05-01_0000318154-19-000018.xlsx,Balance Sheet,"March 31, 2019 (Unaudited) ASSETS",Total current assets,html:total-current-assets,reported,
balance_sheet,html:property-plant-and-equipment-net,"Property, plant and equipment, net",1Q19,4892.0,AMGN_SEC-XBRL-financials_as-presented_10-Q_2019-05-01_0000318154-19-000018.xlsx,Balance Sheet,"March 31, 2019 (Unaudited) ASSETS","Property, plant and equipment, net",html:property-plant-and-equipment-net,reported,
balance_sheet,html:intangible-assets-net,"Intangible assets, net",1Q19,7124.0,AMGN_SEC-XBRL-financials_as-presented_10-Q_2019-05-01_0000318154-19-000018.xlsx,Balance Sheet,"March 31, 2019 (Unaudited) ASSETS","Intangible assets, net",html:intangible-assets-net,reported,
balance_sheet,html:goodwill,Goodwill,1Q19,14692.0,AMGN_SEC-XBRL-financials_as-presented_10-Q_2019-05-01_0000318154-19-000018.xlsx,Balance Sheet,"March 31, 2019 (Unaudited) ASSETS",Goodwill,html:goodwill,reported,
balance_sheet,html:other-assets,Other assets,1Q19,2138.0,AMGN_SEC-XBRL-financials_as-presented_10-Q_2019-05-01_0000318154-19-000018.xlsx,Balance Sheet,"March 31, 2019 (Unaudited) ASSETS",Other assets,html:other-assets,reported,
balance_sheet,html:total-assets,Total assets,1Q19,63997.0,AMGN_SEC-XBRL-financials_as-presented_10-Q_2019-05-01_0000318154-19-000018.xlsx,Balance Sheet,"March 31, 2019 (Unaudited) ASSETS",Total assets,html:total-assets,reported,
balance_sheet,html:accounts-payable,Accounts payable,1Q19,1091.0,AMGN_SEC-XBRL-financials_as-presented_10-Q_2019-05-01_0000318154-19-000018.xlsx,Balance Sheet,"March 31, 2019 (Unaudited) ASSETS",Accounts payable,html:accounts-payable,reported,
balance_sheet,html:accrued-liabilities,Accrued liabilities,1Q19,7910.0,AMGN_SEC-XBRL-financials_as-presented_10-Q_2019-05-01_0000318154-19-000018.xlsx,Balance Sheet,"March 31, 2019 (Unaudited) ASSETS",Accrued liabilities,html:accrued-liabilities,reported,
balance_sheet,html:current-portion-of-long-term-debt,Current portion of long-term debt,1Q19,3705.0,AMGN_SEC-XBRL-financials_as-presented_10-Q_2019-05-01_0000318154-19-000018.xlsx,Balance Sheet,"March 31, 2019 (Unaudited) ASSETS",Current portion of long-term debt,html:current-portion-of-long-term-debt,reported,
balance_sheet,html:total-current-liabilities,Total current liabilities,1Q19,12706.0,AMGN_SEC-XBRL-financials_as-presented_10-Q_2019-05-01_0000318154-19-000018.xlsx,Balance Sheet,"March 31, 2019 (Unaudited) ASSETS",Total current liabilities,html:total-current-liabilities,reported,
balance_sheet,html:long-term-debt,Long-term debt,1Q19,29319.0,AMGN_SEC-XBRL-financials_as-presented_10-Q_2019-05-01_0000318154-19-000018.xlsx,Balance Sheet,"March 31, 2019 (Unaudited) ASSETS",Long-term debt,html:long-term-debt,reported,
balance_sheet,html:long-term-deferred-tax-liabilities,Long-term deferred tax liabilities,1Q19,811.0,AMGN_SEC-XBRL-financials_as-presented_10-Q_2019-05-01_0000318154-19-000018.xlsx,Balance Sheet,"March 31, 2019 (Unaudited) ASSETS",Long-term deferred tax liabilities,html:long-term-deferred-tax-liabilities,reported,
balance_sheet,html:long-term-tax-liabilities,Long-term tax liabilities,1Q19,8869.0,AMGN_SEC-XBRL-financials_as-presented_10-Q_2019-05-01_0000318154-19-000018.xlsx,Balance Sheet,"March 31, 2019 (Unaudited) ASSETS",Long-term tax liabilities,html:long-term-tax-liabilities,reported,
balance_sheet,html:other-noncurrent-liabilities,Other noncurrent liabilities,1Q19,1460.0,AMGN_SEC-XBRL-financials_as-presented_10-Q_2019-05-01_0000318154-19-000018.xlsx,Balance Sheet,"March 31, 2019 (Unaudited) ASSETS",Other noncurrent liabilities,html:other-noncurrent-liabilities,reported,
balance_sheet,html:common-stock-and-additional-paid-in-capital-0-0001-par-value-2-750-0-shares-authorized-outstanding-614-4-shares-in-2019-and-629-6-shares-in-2018,"Common stock and additional paid-in capital; $0.0001 par value; 2,750.0 shares authorized; outstanding — 614.4 shares in 2019 and 629.6 shares in 2018",1Q19,31243.0,AMGN_SEC-XBRL-financials_as-presented_10-Q_2019-05-01_0000318154-19-000018.xlsx,Balance Sheet,"March 31, 2019 (Unaudited) ASSETS","Common stock and additional paid-in capital; $0.0001 par value; 2,750.0 shares authorized; outstanding — 614.4 shares in 2019 and 629.6 shares in 2018",html:common-stock-and-additional-paid-in-capital-0-0001-par-value-2-750-0-shares-authorized-outstanding-614-4-shares-in-2019-and-629-6-shares-in-2018,reported,
balance_sheet,html:accumulated-deficit,Accumulated deficit,1Q19,-19895.0,AMGN_SEC-XBRL-financials_as-presented_10-Q_2019-05-01_0000318154-19-000018.xlsx,Balance Sheet,"March 31, 2019 (Unaudited) ASSETS",Accumulated deficit,html:accumulated-deficit,reported,
balance_sheet,html:accumulated-other-comprehensive-loss,Accumulated other comprehensive loss,1Q19,-516.0,AMGN_SEC-XBRL-financials_as-presented_10-Q_2019-05-01_0000318154-19-000018.xlsx,Balance Sheet,"March 31, 2019 (Unaudited) ASSETS",Accumulated other comprehensive loss,html:accumulated-other-comprehensive-loss,reported,
balance_sheet,html:total-stockholders-equity,Total stockholders’ equity,1Q19,10832.0,AMGN_SEC-XBRL-financials_as-presented_10-Q_2019-05-01_0000318154-19-000018.xlsx,Balance Sheet,"March 31, 2019 (Unaudited) ASSETS",Total stockholders’ equity,html:total-stockholders-equity,reported,
balance_sheet,html:total-liabilities-and-stockholders-equity,Total liabilities and stockholders’ equity,1Q19,63997.0,AMGN_SEC-XBRL-financials_as-presented_10-Q_2019-05-01_0000318154-19-000018.xlsx,Balance Sheet,"March 31, 2019 (Unaudited) ASSETS",Total liabilities and stockholders’ equity,html:total-liabilities-and-stockholders-equity,reported,
balance_sheet,us-gaap:CashAndCashEquivalentsAtCarryingValue,Cash and cash equivalents,2Q19,5525.0,AMGN_SEC-XBRL-financials_as-presented_10-Q_2019-07-31_0000318154-19-000037.xlsx,Balance Sheet,"June 30, 2019 (Unaudited) ASSETS",Cash and cash equivalents,us-gaap:CashAndCashEquivalentsAtCarryingValue,reported,
balance_sheet,us-gaap:AvailableForSaleSecuritiesDebtSecuritiesCurrent,Marketable securities,2Q19,16233.0,AMGN_SEC-XBRL-financials_as-presented_10-Q_2019-07-31_0000318154-19-000037.xlsx,Balance Sheet,"June 30, 2019 (Unaudited) ASSETS",Marketable securities,us-gaap:AvailableForSaleSecuritiesDebtSecuritiesCurrent,reported,
balance_sheet,us-gaap:AccountsReceivableNetCurrent,"Trade receivables, net",2Q19,3801.0,AMGN_SEC-XBRL-financials_as-presented_10-Q_2019-07-31_0000318154-19-000037.xlsx,Balance Sheet,"June 30, 2019 (Unaudited) ASSETS","Trade receivables, net",us-gaap:AccountsReceivableNetCurrent,reported,
balance_sheet,us-gaap:InventoryNet,Inventories,2Q19,3176.0,AMGN_SEC-XBRL-financials_as-presented_10-Q_2019-07-31_0000318154-19-000037.xlsx,Balance Sheet,"June 30, 2019 (Unaudited) ASSETS",Inventories,us-gaap:InventoryNet,reported,
balance_sheet,us-gaap:OtherAssetsCurrent,Other current assets,2Q19,2011.0,AMGN_SEC-XBRL-financials_as-presented_10-Q_2019-07-31_0000318154-19-000037.xlsx,Balance Sheet,"June 30, 2019 (Unaudited) ASSETS",Other current assets,us-gaap:OtherAssetsCurrent,reported,
balance_sheet,us-gaap:AssetsCurrent,Total current assets,2Q19,30746.0,AMGN_SEC-XBRL-financials_as-presented_10-Q_2019-07-31_0000318154-19-000037.xlsx,Balance Sheet,"June 30, 2019 (Unaudited) ASSETS",Total current assets,us-gaap:AssetsCurrent,reported,
balance_sheet,us-gaap:PropertyPlantAndEquipmentNet,"Property, plant and equipment, net",2Q19,4882.0,AMGN_SEC-XBRL-financials_as-presented_10-Q_2019-07-31_0000318154-19-000037.xlsx,Balance Sheet,"June 30, 2019 (Unaudited) ASSETS","Property, plant and equipment, net",us-gaap:PropertyPlantAndEquipmentNet,reported,
balance_sheet,us-gaap:IntangibleAssetsNetExcludingGoodwill,"Intangible assets, net",2Q19,6813.0,AMGN_SEC-XBRL-financials_as-presented_10-Q_2019-07-31_0000318154-19-000037.xlsx,Balance Sheet,"June 30, 2019 (Unaudited) ASSETS","Intangible assets, net",us-gaap:IntangibleAssetsNetExcludingGoodwill,reported,
balance_sheet,us-gaap:Goodwill,Goodwill,2Q19,14689.0,AMGN_SEC-XBRL-financials_as-presented_10-Q_2019-07-31_0000318154-19-000037.xlsx,Balance Sheet,"June 30, 2019 (Unaudited) ASSETS",Goodwill,us-gaap:Goodwill,reported,
balance_sheet,us-gaap:OtherAssetsNoncurrent,Other assets,2Q19,2243.0,AMGN_SEC-XBRL-financials_as-presented_10-Q_2019-07-31_0000318154-19-000037.xlsx,Balance Sheet,"June 30, 2019 (Unaudited) ASSETS",Other assets,us-gaap:OtherAssetsNoncurrent,reported,
balance_sheet,us-gaap:Assets,Total assets,2Q19,59373.0,AMGN_SEC-XBRL-financials_as-presented_10-Q_2019-07-31_0000318154-19-000037.xlsx,Balance Sheet,"June 30, 2019 (Unaudited) ASSETS",Total assets,us-gaap:Assets,reported,
balance_sheet,us-gaap:AccountsPayableCurrent,Accounts payable,2Q19,1001.0,AMGN_SEC-XBRL-financials_as-presented_10-Q_2019-07-31_0000318154-19-000037.xlsx,Balance Sheet,"June 30, 2019 (Unaudited) ASSETS",Accounts payable,us-gaap:AccountsPayableCurrent,reported,
balance_sheet,us-gaap:AccruedLiabilitiesCurrent,Accrued liabilities,2Q19,6805.0,AMGN_SEC-XBRL-financials_as-presented_10-Q_2019-07-31_0000318154-19-000037.xlsx,Balance Sheet,"June 30, 2019 (Unaudited) ASSETS",Accrued liabilities,us-gaap:AccruedLiabilitiesCurrent,reported,
balance_sheet,us-gaap:LongTermDebtCurrent,Current portion of long-term debt,2Q19,2816.0,AMGN_SEC-XBRL-financials_as-presented_10-Q_2019-07-31_0000318154-19-000037.xlsx,Balance Sheet,"June 30, 2019 (Unaudited) ASSETS",Current portion of long-term debt,us-gaap:LongTermDebtCurrent,reported,
balance_sheet,us-gaap:LiabilitiesCurrent,Total current liabilities,2Q19,10622.0,AMGN_SEC-XBRL-financials_as-presented_10-Q_2019-07-31_0000318154-19-000037.xlsx,Balance Sheet,"June 30, 2019 (Unaudited) ASSETS",Total current liabilities,us-gaap:LiabilitiesCurrent,reported,
balance_sheet,us-gaap:LongTermDebtNoncurrent,Long-term debt,2Q19,27798.0,AMGN_SEC-XBRL-financials_as-presented_10-Q_2019-07-31_0000318154-19-000037.xlsx,Balance Sheet,"June 30, 2019 (Unaudited) ASSETS",Long-term debt,us-gaap:LongTermDebtNoncurrent,reported,
balance_sheet,us-gaap:DeferredTaxLiabilitiesNoncurrent,Long-term deferred tax liabilities,2Q19,763.0,AMGN_SEC-XBRL-financials_as-presented_10-Q_2019-07-31_0000318154-19-000037.xlsx,Balance Sheet,"June 30, 2019 (Unaudited) ASSETS",Long-term deferred tax liabilities,us-gaap:DeferredTaxLiabilitiesNoncurrent,reported,
balance_sheet,us-gaap:LiabilityForUncertainTaxPositionsNoncurrent,Long-term tax liabilities,2Q19,7861.0,AMGN_SEC-XBRL-financials_as-presented_10-Q_2019-07-31_0000318154-19-000037.xlsx,Balance Sheet,"June 30, 2019 (Unaudited) ASSETS",Long-term tax liabilities,us-gaap:LiabilityForUncertainTaxPositionsNoncurrent,reported,
balance_sheet,us-gaap:OtherLiabilitiesNoncurrent,Other noncurrent liabilities,2Q19,1535.0,AMGN_SEC-XBRL-financials_as-presented_10-Q_2019-07-31_0000318154-19-000037.xlsx,Balance Sheet,"June 30, 2019 (Unaudited) ASSETS",Other noncurrent liabilities,us-gaap:OtherLiabilitiesNoncurrent,reported,
balance_sheet,us-gaap:CommonStocksIncludingAdditionalPaidInCapital,"Common stock and additional paid-in capital; $0.0001 par value; 2,750.0 shares authorized; outstanding — 602.1 shares in 2019 and 629.6 shares in 2018",2Q19,31313.0,AMGN_SEC-XBRL-financials_as-presented_10-Q_2019-07-31_0000318154-19-000037.xlsx,Balance Sheet,"June 30, 2019 (Unaudited) ASSETS","Common stock and additional paid-in capital; $0.0001 par value; 2,750.0 shares authorized; outstanding — 602.1 shares in 2019 and 629.6 shares in 2018",us-gaap:CommonStocksIncludingAdditionalPaidInCapital,reported,
balance_sheet,us-gaap:RetainedEarningsAccumulatedDeficit,Accumulated deficit,2Q19,-20054.0,AMGN_SEC-XBRL-financials_as-presented_10-Q_2019-07-31_0000318154-19-000037.xlsx,Balance Sheet,"June 30, 2019 (Unaudited) ASSETS",Accumulated deficit,us-gaap:RetainedEarningsAccumulatedDeficit,reported,
balance_sheet,us-gaap:AccumulatedOtherComprehensiveIncomeLossNetOfTax,Accumulated other comprehensive loss,2Q19,-465.0,AMGN_SEC-XBRL-financials_as-presented_10-Q_2019-07-31_0000318154-19-000037.xlsx,Balance Sheet,"June 30, 2019 (Unaudited) ASSETS",Accumulated other comprehensive loss,us-gaap:AccumulatedOtherComprehensiveIncomeLossNetOfTax,reported,
balance_sheet,us-gaap:StockholdersEquity,Total stockholders’ equity,2Q19,10794.0,AMGN_SEC-XBRL-financials_as-presented_10-Q_2019-07-31_0000318154-19-000037.xlsx,Balance Sheet,"June 30, 2019 (Unaudited) ASSETS",Total stockholders’ equity,us-gaap:StockholdersEquity,reported,
balance_sheet,us-gaap:LiabilitiesAndStockholdersEquity,Total liabilities and stockholders’ equity,2Q19,59373.0,AMGN_SEC-XBRL-financials_as-presented_10-Q_2019-07-31_0000318154-19-000037.xlsx,Balance Sheet,"June 30, 2019 (Unaudited) ASSETS",Total liabilities and stockholders’ equity,us-gaap:LiabilitiesAndStockholdersEquity,reported,
balance_sheet,us-gaap:CashAndCashEquivalentsAtCarryingValue,Cash and cash equivalents,3Q19,11415.0,AMGN_SEC-XBRL-financials_as-presented_10-Q_2019-10-30_0000318154-19-000046.xlsx,Balance Sheet,"September 30, 2019 (Unaudited) ASSETS",Cash and cash equivalents,us-gaap:CashAndCashEquivalentsAtCarryingValue,reported,
balance_sheet,us-gaap:AvailableForSaleSecuritiesDebtSecuritiesCurrent,Marketable securities,3Q19,9438.0,AMGN_SEC-XBRL-financials_as-presented_10-Q_2019-10-30_0000318154-19-000046.xlsx,Balance Sheet,"September 30, 2019 (Unaudited) ASSETS",Marketable securities,us-gaap:AvailableForSaleSecuritiesDebtSecuritiesCurrent,reported,
balance_sheet,us-gaap:AccountsReceivableNetCurrent,"Trade receivables, net",3Q19,3606.0,AMGN_SEC-XBRL-financials_as-presented_10-Q_2019-10-30_0000318154-19-000046.xlsx,Balance Sheet,"September 30, 2019 (Unaudited) ASSETS","Trade receivables, net",us-gaap:AccountsReceivableNetCurrent,reported,
balance_sheet,us-gaap:InventoryNet,Inventories,3Q19,3243.0,AMGN_SEC-XBRL-financials_as-presented_10-Q_2019-10-30_0000318154-19-000046.xlsx,Balance Sheet,"September 30, 2019 (Unaudited) ASSETS",Inventories,us-gaap:InventoryNet,reported,
balance_sheet,us-gaap:OtherAssetsCurrent,Other current assets,3Q19,3349.0,AMGN_SEC-XBRL-financials_as-presented_10-Q_2019-10-30_0000318154-19-000046.xlsx,Balance Sheet,"September 30, 2019 (Unaudited) ASSETS",Other current assets,us-gaap:OtherAssetsCurrent,reported,
balance_sheet,us-gaap:AssetsCurrent,Total current assets,3Q19,31051.0,AMGN_SEC-XBRL-financials_as-presented_10-Q_2019-10-30_0000318154-19-000046.xlsx,Balance Sheet,"September 30, 2019 (Unaudited) ASSETS",Total current assets,us-gaap:AssetsCurrent,reported,
balance_sheet,us-gaap:PropertyPlantAndEquipmentNet,"Property, plant and equipment, net",3Q19,4901.0,AMGN_SEC-XBRL-financials_as-presented_10-Q_2019-10-30_0000318154-19-000046.xlsx,Balance Sheet,"September 30, 2019 (Unaudited) ASSETS","Property, plant and equipment, net",us-gaap:PropertyPlantAndEquipmentNet,reported,
balance_sheet,us-gaap:IntangibleAssetsNetExcludingGoodwill,"Intangible assets, net",3Q19,6702.0,AMGN_SEC-XBRL-financials_as-presented_10-Q_2019-10-30_0000318154-19-000046.xlsx,Balance Sheet,"September 30, 2019 (Unaudited) ASSETS","Intangible assets, net",us-gaap:IntangibleAssetsNetExcludingGoodwill,reported,
balance_sheet,us-gaap:Goodwill,Goodwill,3Q19,14705.0,AMGN_SEC-XBRL-financials_as-presented_10-Q_2019-10-30_0000318154-19-000046.xlsx,Balance Sheet,"September 30, 2019 (Unaudited) ASSETS",Goodwill,us-gaap:Goodwill,reported,
balance_sheet,us-gaap:OtherAssetsNoncurrent,Other assets,3Q19,2176.0,AMGN_SEC-XBRL-financials_as-presented_10-Q_2019-10-30_0000318154-19-000046.xlsx,Balance Sheet,"September 30, 2019 (Unaudited) ASSETS",Other assets,us-gaap:OtherAssetsNoncurrent,reported,
balance_sheet,us-gaap:Assets,Total assets,3Q19,59535.0,AMGN_SEC-XBRL-financials_as-presented_10-Q_2019-10-30_0000318154-19-000046.xlsx,Balance Sheet,"September 30, 2019 (Unaudited) ASSETS",Total assets,us-gaap:Assets,reported,
balance_sheet,us-gaap:AccountsPayableCurrent,Accounts payable,3Q19,1005.0,AMGN_SEC-XBRL-financials_as-presented_10-Q_2019-10-30_0000318154-19-000046.xlsx,Balance Sheet,"September 30, 2019 (Unaudited) ASSETS",Accounts payable,us-gaap:AccountsPayableCurrent,reported,
balance_sheet,us-gaap:AccruedLiabilitiesCurrent,Accrued liabilities,3Q19,7683.0,AMGN_SEC-XBRL-financials_as-presented_10-Q_2019-10-30_0000318154-19-000046.xlsx,Balance Sheet,"September 30, 2019 (Unaudited) ASSETS",Accrued liabilities,us-gaap:AccruedLiabilitiesCurrent,reported,
balance_sheet,us-gaap:LongTermDebtCurrent,Current portion of long-term debt,3Q19,2049.0,AMGN_SEC-XBRL-financials_as-presented_10-Q_2019-10-30_0000318154-19-000046.xlsx,Balance Sheet,"September 30, 2019 (Unaudited) ASSETS",Current portion of long-term debt,us-gaap:LongTermDebtCurrent,reported,
balance_sheet,us-gaap:LiabilitiesCurrent,Total current liabilities,3Q19,10737.0,AMGN_SEC-XBRL-financials_as-presented_10-Q_2019-10-30_0000318154-19-000046.xlsx,Balance Sheet,"September 30, 2019 (Unaudited) ASSETS",Total current liabilities,us-gaap:LiabilitiesCurrent,reported,
balance_sheet,us-gaap:LongTermDebtNoncurrent,Long-term debt,3Q19,27742.0,AMGN_SEC-XBRL-financials_as-presented_10-Q_2019-10-30_0000318154-19-000046.xlsx,Balance Sheet,"September 30, 2019 (Unaudited) ASSETS",Long-term debt,us-gaap:LongTermDebtNoncurrent,reported,
balance_sheet,us-gaap:DeferredTaxLiabilitiesNoncurrent,Long-term deferred tax liabilities,3Q19,665.0,AMGN_SEC-XBRL-financials_as-presented_10-Q_2019-10-30_0000318154-19-000046.xlsx,Balance Sheet,"September 30, 2019 (Unaudited) ASSETS",Long-term deferred tax liabilities,us-gaap:DeferredTaxLiabilitiesNoncurrent,reported,
balance_sheet,us-gaap:LiabilityForUncertainTaxPositionsNoncurrent,Long-term tax liabilities,3Q19,7921.0,AMGN_SEC-XBRL-financials_as-presented_10-Q_2019-10-30_0000318154-19-000046.xlsx,Balance Sheet,"September 30, 2019 (Unaudited) ASSETS",Long-term tax liabilities,us-gaap:LiabilityForUncertainTaxPositionsNoncurrent,reported,
balance_sheet,us-gaap:OtherLiabilitiesNoncurrent,Other noncurrent liabilities,3Q19,1543.0,AMGN_SEC-XBRL-financials_as-presented_10-Q_2019-10-30_0000318154-19-000046.xlsx,Balance Sheet,"September 30, 2019 (Unaudited) ASSETS",Other noncurrent liabilities,us-gaap:OtherLiabilitiesNoncurrent,reported,
balance_sheet,us-gaap:CommonStocksIncludingAdditionalPaidInCapital,"Common stock and additional paid-in capital; $0.0001 par value; 2,750.0 shares authorized; outstanding — 602.1 shares in 2019 and 629.6 shares in 2018",3Q19,31451.0,AMGN_SEC-XBRL-financials_as-presented_10-Q_2019-10-30_0000318154-19-000046.xlsx,Balance Sheet,"September 30, 2019 (Unaudited) ASSETS","Common stock and additional paid-in capital; $0.0001 par value; 2,750.0 shares authorized; outstanding — 596.2 shares in 2019 and 629.6 shares in 2018",us-gaap:CommonStocksIncludingAdditionalPaidInCapital,reported,
balance_sheet,us-gaap:RetainedEarningsAccumulatedDeficit,Accumulated deficit,3Q19,-20136.0,AMGN_SEC-XBRL-financials_as-presented_10-Q_2019-10-30_0000318154-19-000046.xlsx,Balance Sheet,"September 30, 2019 (Unaudited) ASSETS",Accumulated deficit,us-gaap:RetainedEarningsAccumulatedDeficit,reported,
balance_sheet,us-gaap:AccumulatedOtherComprehensiveIncomeLossNetOfTax,Accumulated other comprehensive loss,3Q19,-388.0,AMGN_SEC-XBRL-financials_as-presented_10-Q_2019-10-30_0000318154-19-000046.xlsx,Balance Sheet,"September 30, 2019 (Unaudited) ASSETS",Accumulated other comprehensive loss,us-gaap:AccumulatedOtherComprehensiveIncomeLossNetOfTax,reported,
balance_sheet,us-gaap:StockholdersEquity,Total stockholders’ equity,3Q19,10927.0,AMGN_SEC-XBRL-financials_as-presented_10-Q_2019-10-30_0000318154-19-000046.xlsx,Balance Sheet,"September 30, 2019 (Unaudited) ASSETS",Total stockholders’ equity,us-gaap:StockholdersEquity,reported,
balance_sheet,us-gaap:LiabilitiesAndStockholdersEquity,Total liabilities and stockholders’ equity,3Q19,59535.0,AMGN_SEC-XBRL-financials_as-presented_10-Q_2019-10-30_0000318154-19-000046.xlsx,Balance Sheet,"September 30, 2019 (Unaudited) ASSETS",Total liabilities and stockholders’ equity,us-gaap:LiabilitiesAndStockholdersEquity,reported,
balance_sheet,us-gaap:CashAndCashEquivalentsAtCarryingValue,Cash and cash equivalents,1Q20,7687.0,AMGN_SEC-XBRL-financials_as-presented_10-Q_2020-05-01_0000318154-20-000031.xlsx,Balance Sheet,"March 31, 2020 (Unaudited) ASSETS",Cash and cash equivalents,us-gaap:CashAndCashEquivalentsAtCarryingValue,reported,
balance_sheet,us-gaap:AvailableForSaleSecuritiesDebtSecuritiesCurrent,Marketable securities,1Q20,325.0,AMGN_SEC-XBRL-financials_as-presented_10-Q_2020-05-01_0000318154-20-000031.xlsx,Balance Sheet,"March 31, 2020 (Unaudited) ASSETS",Marketable securities,us-gaap:AvailableForSaleSecuritiesDebtSecuritiesCurrent,reported,
balance_sheet,us-gaap:AccountsReceivableNetCurrent,"Trade receivables, net",1Q20,5009.0,AMGN_SEC-XBRL-financials_as-presented_10-Q_2020-05-01_0000318154-20-000031.xlsx,Balance Sheet,"March 31, 2020 (Unaudited) ASSETS","Trade receivables, net",us-gaap:AccountsReceivableNetCurrent,reported,
balance_sheet,us-gaap:InventoryNet,Inventories,1Q20,3682.0,AMGN_SEC-XBRL-financials_as-presented_10-Q_2020-05-01_0000318154-20-000031.xlsx,Balance Sheet,"March 31, 2020 (Unaudited) ASSETS",Inventories,us-gaap:InventoryNet,reported,
balance_sheet,us-gaap:OtherAssetsCurrent,Other current assets,1Q20,2110.0,AMGN_SEC-XBRL-financials_as-presented_10-Q_2020-05-01_0000318154-20-000031.xlsx,Balance Sheet,"March 31, 2020 (Unaudited) ASSETS",Other current assets,us-gaap:OtherAssetsCurrent,reported,
balance_sheet,us-gaap:AssetsCurrent,Total current assets,1Q20,18813.0,AMGN_SEC-XBRL-financials_as-presented_10-Q_2020-05-01_0000318154-20-000031.xlsx,Balance Sheet,"March 31, 2020 (Unaudited) ASSETS",Total current assets,us-gaap:AssetsCurrent,reported,
balance_sheet,us-gaap:PropertyPlantAndEquipmentNet,"Property, plant and equipment, net",1Q20,4879.0,AMGN_SEC-XBRL-financials_as-presented_10-Q_2020-05-01_0000318154-20-000031.xlsx,Balance Sheet,"March 31, 2020 (Unaudited) ASSETS","Property, plant and equipment, net",us-gaap:PropertyPlantAndEquipmentNet,reported,
balance_sheet,us-gaap:IntangibleAssetsNetExcludingGoodwill,"Intangible assets, net",1Q20,18653.0,AMGN_SEC-XBRL-financials_as-presented_10-Q_2020-05-01_0000318154-20-000031.xlsx,Balance Sheet,"March 31, 2020 (Unaudited) ASSETS","Intangible assets, net",us-gaap:IntangibleAssetsNetExcludingGoodwill,reported,
balance_sheet,us-gaap:Goodwill,Goodwill,1Q20,14683.0,AMGN_SEC-XBRL-financials_as-presented_10-Q_2020-05-01_0000318154-20-000031.xlsx,Balance Sheet,"March 31, 2020 (Unaudited) ASSETS",Goodwill,us-gaap:Goodwill,reported,
balance_sheet,us-gaap:OtherAssetsNoncurrent,Other assets,1Q20,4641.0,AMGN_SEC-XBRL-financials_as-presented_10-Q_2020-05-01_0000318154-20-000031.xlsx,Balance Sheet,"March 31, 2020 (Unaudited) ASSETS",Other assets,us-gaap:OtherAssetsNoncurrent,reported,
balance_sheet,us-gaap:Assets,Total assets,1Q20,61669.0,AMGN_SEC-XBRL-financials_as-presented_10-Q_2020-05-01_0000318154-20-000031.xlsx,Balance Sheet,"March 31, 2020 (Unaudited) ASSETS",Total assets,us-gaap:Assets,reported,
balance_sheet,us-gaap:AccountsPayableCurrent,Accounts payable,1Q20,1338.0,AMGN_SEC-XBRL-financials_as-presented_10-Q_2020-05-01_0000318154-20-000031.xlsx,Balance Sheet,"March 31, 2020 (Unaudited) ASSETS",Accounts payable,us-gaap:AccountsPayableCurrent,reported,
balance_sheet,us-gaap:AccruedLiabilitiesCurrent,Accrued liabilities,1Q20,8649.0,AMGN_SEC-XBRL-financials_as-presented_10-Q_2020-05-01_0000318154-20-000031.xlsx,Balance Sheet,"March 31, 2020 (Unaudited) ASSETS",Accrued liabilities,us-gaap:AccruedLiabilitiesCurrent,reported,
balance_sheet,us-gaap:LongTermDebtCurrent,Current portion of long-term debt,1Q20,1840.0,AMGN_SEC-XBRL-financials_as-presented_10-Q_2020-05-01_0000318154-20-000031.xlsx,Balance Sheet,"March 31, 2020 (Unaudited) ASSETS",Current portion of long-term debt,us-gaap:LongTermDebtCurrent,reported,
balance_sheet,us-gaap:LiabilitiesCurrent,Total current liabilities,1Q20,11827.0,AMGN_SEC-XBRL-financials_as-presented_10-Q_2020-05-01_0000318154-20-000031.xlsx,Balance Sheet,"March 31, 2020 (Unaudited) ASSETS",Total current liabilities,us-gaap:LiabilitiesCurrent,reported,
balance_sheet,us-gaap:LongTermDebtNoncurrent,Long-term debt,1Q20,30008.0,AMGN_SEC-XBRL-financials_as-presented_10-Q_2020-05-01_0000318154-20-000031.xlsx,Balance Sheet,"March 31, 2020 (Unaudited) ASSETS",Long-term debt,us-gaap:LongTermDebtNoncurrent,reported,
balance_sheet,us-gaap:DeferredIncomeTaxLiabilitiesNet,Long-term deferred tax liabilities,1Q20,427.0,AMGN_SEC-XBRL-financials_as-presented_10-Q_2020-05-01_0000318154-20-000031.xlsx,Balance Sheet,"March 31, 2020 (Unaudited) ASSETS",Long-term deferred tax liabilities,us-gaap:DeferredIncomeTaxLiabilitiesNet,reported,
balance_sheet,us-gaap:LiabilityForUncertainTaxPositionsNoncurrent,Long-term tax liabilities,1Q20,8111.0,AMGN_SEC-XBRL-financials_as-presented_10-Q_2020-05-01_0000318154-20-000031.xlsx,Balance Sheet,"March 31, 2020 (Unaudited) ASSETS",Long-term tax liabilities,us-gaap:LiabilityForUncertainTaxPositionsNoncurrent,reported,
balance_sheet,us-gaap:OtherLiabilitiesNoncurrent,Other noncurrent liabilities,1Q20,1811.0,AMGN_SEC-XBRL-financials_as-presented_10-Q_2020-05-01_0000318154-20-000031.xlsx,Balance Sheet,"March 31, 2020 (Unaudited) ASSETS",Other noncurrent liabilities,us-gaap:OtherLiabilitiesNoncurrent,reported,
balance_sheet,us-gaap:CommonStocksIncludingAdditionalPaidInCapital,"Common stock and additional paid-in capital; $0.0001 par value; 2,750.0 shares authorized; outstanding — 602.1 shares in 2019 and 629.6 shares in 2018",1Q20,31525.0,AMGN_SEC-XBRL-financials_as-presented_10-Q_2020-05-01_0000318154-20-000031.xlsx,Balance Sheet,"March 31, 2020 (Unaudited) ASSETS","Common stock and additional paid-in capital; $0.0001 par value; 2,750.0 shares authorized; outstanding — 588.0 shares in 2020 and 591.4 shares in 2019",us-gaap:CommonStocksIncludingAdditionalPaidInCapital,reported,
balance_sheet,us-gaap:RetainedEarningsAccumulatedDeficit,Accumulated deficit,1Q20,-21378.0,AMGN_SEC-XBRL-financials_as-presented_10-Q_2020-05-01_0000318154-20-000031.xlsx,Balance Sheet,"March 31, 2020 (Unaudited) ASSETS",Accumulated deficit,us-gaap:RetainedEarningsAccumulatedDeficit,reported,
balance_sheet,us-gaap:AccumulatedOtherComprehensiveIncomeLossNetOfTax,Accumulated other comprehensive loss,1Q20,-662.0,AMGN_SEC-XBRL-financials_as-presented_10-Q_2020-05-01_0000318154-20-000031.xlsx,Balance Sheet,"March 31, 2020 (Unaudited) ASSETS",Accumulated other comprehensive loss,us-gaap:AccumulatedOtherComprehensiveIncomeLossNetOfTax,reported,
balance_sheet,us-gaap:StockholdersEquity,Total stockholders’ equity,1Q20,9485.0,AMGN_SEC-XBRL-financials_as-presented_10-Q_2020-05-01_0000318154-20-000031.xlsx,Balance Sheet,"March 31, 2020 (Unaudited) ASSETS",Total stockholders’ equity,us-gaap:StockholdersEquity,reported,
balance_sheet,us-gaap:LiabilitiesAndStockholdersEquity,Total liabilities and stockholders’ equity,1Q20,61669.0,AMGN_SEC-XBRL-financials_as-presented_10-Q_2020-05-01_0000318154-20-000031.xlsx,Balance Sheet,"March 31, 2020 (Unaudited) ASSETS",Total liabilities and stockholders’ equity,us-gaap:LiabilitiesAndStockholdersEquity,reported,
balance_sheet,us-gaap:CashAndCashEquivalentsAtCarryingValue,Cash and cash equivalents,2Q20,9145.0,AMGN_SEC-XBRL-financials_as-presented_10-Q_2020-07-29_0000318154-20-000048.xlsx,Balance Sheet,"June 30, 2020 (Unaudited) ASSETS",Cash and cash equivalents,us-gaap:CashAndCashEquivalentsAtCarryingValue,reported,
balance_sheet,us-gaap:AvailableForSaleSecuritiesDebtSecuritiesCurrent,Marketable securities,2Q20,2276.0,AMGN_SEC-XBRL-financials_as-presented_10-Q_2020-07-29_0000318154-20-000048.xlsx,Balance Sheet,"June 30, 2020 (Unaudited) ASSETS",Marketable securities,us-gaap:AvailableForSaleSecuritiesDebtSecuritiesCurrent,reported,
balance_sheet,us-gaap:AccountsReceivableNetCurrent,"Trade receivables, net",2Q20,5366.0,AMGN_SEC-XBRL-financials_as-presented_10-Q_2020-07-29_0000318154-20-000048.xlsx,Balance Sheet,"June 30, 2020 (Unaudited) ASSETS","Trade receivables, net",us-gaap:AccountsReceivableNetCurrent,reported,
balance_sheet,us-gaap:InventoryNet,Inventories,2Q20,3840.0,AMGN_SEC-XBRL-financials_as-presented_10-Q_2020-07-29_0000318154-20-000048.xlsx,Balance Sheet,"June 30, 2020 (Unaudited) ASSETS",Inventories,us-gaap:InventoryNet,reported,
balance_sheet,us-gaap:OtherAssetsCurrent,Other current assets,2Q20,2268.0,AMGN_SEC-XBRL-financials_as-presented_10-Q_2020-07-29_0000318154-20-000048.xlsx,Balance Sheet,"June 30, 2020 (Unaudited) ASSETS",Other current assets,us-gaap:OtherAssetsCurrent,reported,
balance_sheet,us-gaap:AssetsCurrent,Total current assets,2Q20,22895.0,AMGN_SEC-XBRL-financials_as-presented_10-Q_2020-07-29_0000318154-20-000048.xlsx,Balance Sheet,"June 30, 2020 (Unaudited) ASSETS",Total current assets,us-gaap:AssetsCurrent,reported,
balance_sheet,us-gaap:PropertyPlantAndEquipmentNet,"Property, plant and equipment, net",2Q20,4843.0,AMGN_SEC-XBRL-financials_as-presented_10-Q_2020-07-29_0000318154-20-000048.xlsx,Balance Sheet,"June 30, 2020 (Unaudited) ASSETS","Property, plant and equipment, net",us-gaap:PropertyPlantAndEquipmentNet,reported,
balance_sheet,us-gaap:IntangibleAssetsNetExcludingGoodwill,"Intangible assets, net",2Q20,17948.0,AMGN_SEC-XBRL-financials_as-presented_10-Q_2020-07-29_0000318154-20-000048.xlsx,Balance Sheet,"June 30, 2020 (Unaudited) ASSETS","Intangible assets, net",us-gaap:IntangibleAssetsNetExcludingGoodwill,reported,
balance_sheet,us-gaap:Goodwill,Goodwill,2Q20,14678.0,AMGN_SEC-XBRL-financials_as-presented_10-Q_2020-07-29_0000318154-20-000048.xlsx,Balance Sheet,"June 30, 2020 (Unaudited) ASSETS",Goodwill,us-gaap:Goodwill,reported,
balance_sheet,us-gaap:OtherAssetsNoncurrent,Other assets,2Q20,4647.0,AMGN_SEC-XBRL-financials_as-presented_10-Q_2020-07-29_0000318154-20-000048.xlsx,Balance Sheet,"June 30, 2020 (Unaudited) ASSETS",Other assets,us-gaap:OtherAssetsNoncurrent,reported,
balance_sheet,us-gaap:Assets,Total assets,2Q20,65011.0,AMGN_SEC-XBRL-financials_as-presented_10-Q_2020-07-29_0000318154-20-000048.xlsx,Balance Sheet,"June 30, 2020 (Unaudited) ASSETS",Total assets,us-gaap:Assets,reported,
balance_sheet,us-gaap:AccountsPayableCurrent,Accounts payable,2Q20,1150.0,AMGN_SEC-XBRL-financials_as-presented_10-Q_2020-07-29_0000318154-20-000048.xlsx,Balance Sheet,"June 30, 2020 (Unaudited) ASSETS",Accounts payable,us-gaap:AccountsPayableCurrent,reported,
balance_sheet,us-gaap:AccruedLiabilitiesCurrent,Accrued liabilities,2Q20,9282.0,AMGN_SEC-XBRL-financials_as-presented_10-Q_2020-07-29_0000318154-20-000048.xlsx,Balance Sheet,"June 30, 2020 (Unaudited) ASSETS",Accrued liabilities,us-gaap:AccruedLiabilitiesCurrent,reported,
balance_sheet,us-gaap:LongTermDebtCurrent,Current portion of long-term debt,2Q20,91.0,AMGN_SEC-XBRL-financials_as-presented_10-Q_2020-07-29_0000318154-20-000048.xlsx,Balance Sheet,"June 30, 2020 (Unaudited) ASSETS",Current portion of long-term debt,us-gaap:LongTermDebtCurrent,reported,
balance_sheet,us-gaap:LiabilitiesCurrent,Total current liabilities,2Q20,10523.0,AMGN_SEC-XBRL-financials_as-presented_10-Q_2020-07-29_0000318154-20-000048.xlsx,Balance Sheet,"June 30, 2020 (Unaudited) ASSETS",Total current liabilities,us-gaap:LiabilitiesCurrent,reported,
balance_sheet,us-gaap:LongTermDebtNoncurrent,Long-term debt,2Q20,34133.0,AMGN_SEC-XBRL-financials_as-presented_10-Q_2020-07-29_0000318154-20-000048.xlsx,Balance Sheet,"June 30, 2020 (Unaudited) ASSETS",Long-term debt,us-gaap:LongTermDebtNoncurrent,reported,
balance_sheet,us-gaap:DeferredIncomeTaxLiabilitiesNet,Long-term deferred tax liabilities,2Q20,259.0,AMGN_SEC-XBRL-financials_as-presented_10-Q_2020-07-29_0000318154-20-000048.xlsx,Balance Sheet,"June 30, 2020 (Unaudited) ASSETS",Long-term deferred tax liabilities,us-gaap:DeferredIncomeTaxLiabilitiesNet,reported,
balance_sheet,us-gaap:LiabilityForUncertainTaxPositionsNoncurrent,Long-term tax liabilities,2Q20,7556.0,AMGN_SEC-XBRL-financials_as-presented_10-Q_2020-07-29_0000318154-20-000048.xlsx,Balance Sheet,"June 30, 2020 (Unaudited) ASSETS",Long-term tax liabilities,us-gaap:LiabilityForUncertainTaxPositionsNoncurrent,reported,
balance_sheet,us-gaap:OtherLiabilitiesNoncurrent,Other noncurrent liabilities,2Q20,1881.0,AMGN_SEC-XBRL-financials_as-presented_10-Q_2020-07-29_0000318154-20-000048.xlsx,Balance Sheet,"June 30, 2020 (Unaudited) ASSETS",Other noncurrent liabilities,us-gaap:OtherLiabilitiesNoncurrent,reported,
balance_sheet,us-gaap:CommonStocksIncludingAdditionalPaidInCapital,"Common stock and additional paid-in capital; $0.0001 par value; 2,750.0 shares authorized; outstanding — 602.1 shares in 2019 and 629.6 shares in 2018",2Q20,31610.0,AMGN_SEC-XBRL-financials_as-presented_10-Q_2020-07-29_0000318154-20-000048.xlsx,Balance Sheet,"June 30, 2020 (Unaudited) ASSETS","Common stock and additional paid-in capital; $0.0001 par value; 2,750.0 shares authorized; outstanding — 586.4 shares in 2020 and 591.4 shares in 2019",us-gaap:CommonStocksIncludingAdditionalPaidInCapital,reported,
balance_sheet,us-gaap:RetainedEarningsAccumulatedDeficit,Accumulated deficit,2Q20,-20168.0,AMGN_SEC-XBRL-financials_as-presented_10-Q_2020-07-29_0000318154-20-000048.xlsx,Balance Sheet,"June 30, 2020 (Unaudited) ASSETS",Accumulated deficit,us-gaap:RetainedEarningsAccumulatedDeficit,reported,
balance_sheet,us-gaap:AccumulatedOtherComprehensiveIncomeLossNetOfTax,Accumulated other comprehensive loss,2Q20,-783.0,AMGN_SEC-XBRL-financials_as-presented_10-Q_2020-07-29_0000318154-20-000048.xlsx,Balance Sheet,"June 30, 2020 (Unaudited) ASSETS",Accumulated other comprehensive loss,us-gaap:AccumulatedOtherComprehensiveIncomeLossNetOfTax,reported,
balance_sheet,us-gaap:StockholdersEquity,Total stockholders’ equity,2Q20,10659.0,AMGN_SEC-XBRL-financials_as-presented_10-Q_2020-07-29_0000318154-20-000048.xlsx,Balance Sheet,"June 30, 2020 (Unaudited) ASSETS",Total stockholders’ equity,us-gaap:StockholdersEquity,reported,
balance_sheet,us-gaap:LiabilitiesAndStockholdersEquity,Total liabilities and stockholders’ equity,2Q20,65011.0,AMGN_SEC-XBRL-financials_as-presented_10-Q_2020-07-29_0000318154-20-000048.xlsx,Balance Sheet,"June 30, 2020 (Unaudited) ASSETS",Total liabilities and stockholders’ equity,us-gaap:LiabilitiesAndStockholdersEquity,reported,
balance_sheet,us-gaap:CashAndCashEquivalentsAtCarryingValue,Cash and cash equivalents,3Q20,9087.0,AMGN_SEC-XBRL-financials_as-presented_10-Q_2020-10-29_0000318154-20-000060.xlsx,Balance Sheet,"September 30, 2020 (Unaudited) ASSETS",Cash and cash equivalents,us-gaap:CashAndCashEquivalentsAtCarryingValue,reported,
balance_sheet,us-gaap:AvailableForSaleSecuritiesDebtSecuritiesCurrent,Marketable securities,3Q20,3273.0,AMGN_SEC-XBRL-financials_as-presented_10-Q_2020-10-29_0000318154-20-000060.xlsx,Balance Sheet,"September 30, 2020 (Unaudited) ASSETS",Marketable securities,us-gaap:AvailableForSaleSecuritiesDebtSecuritiesCurrent,reported,
balance_sheet,us-gaap:AccountsReceivableNetCurrent,"Trade receivables, net",3Q20,4094.0,AMGN_SEC-XBRL-financials_as-presented_10-Q_2020-10-29_0000318154-20-000060.xlsx,Balance Sheet,"September 30, 2020 (Unaudited) ASSETS","Trade receivables, net",us-gaap:AccountsReceivableNetCurrent,reported,
balance_sheet,us-gaap:InventoryNet,Inventories,3Q20,3942.0,AMGN_SEC-XBRL-financials_as-presented_10-Q_2020-10-29_0000318154-20-000060.xlsx,Balance Sheet,"September 30, 2020 (Unaudited) ASSETS",Inventories,us-gaap:InventoryNet,reported,
balance_sheet,us-gaap:OtherAssetsCurrent,Other current assets,3Q20,2265.0,AMGN_SEC-XBRL-financials_as-presented_10-Q_2020-10-29_0000318154-20-000060.xlsx,Balance Sheet,"September 30, 2020 (Unaudited) ASSETS",Other current assets,us-gaap:OtherAssetsCurrent,reported,
balance_sheet,us-gaap:AssetsCurrent,Total current assets,3Q20,22661.0,AMGN_SEC-XBRL-financials_as-presented_10-Q_2020-10-29_0000318154-20-000060.xlsx,Balance Sheet,"September 30, 2020 (Unaudited) ASSETS",Total current assets,us-gaap:AssetsCurrent,reported,
balance_sheet,us-gaap:PropertyPlantAndEquipmentNet,"Property, plant and equipment, net",3Q20,4816.0,AMGN_SEC-XBRL-financials_as-presented_10-Q_2020-10-29_0000318154-20-000060.xlsx,Balance Sheet,"September 30, 2020 (Unaudited) ASSETS","Property, plant and equipment, net",us-gaap:PropertyPlantAndEquipmentNet,reported,
balance_sheet,us-gaap:IntangibleAssetsNetExcludingGoodwill,"Intangible assets, net",3Q20,17254.0,AMGN_SEC-XBRL-financials_as-presented_10-Q_2020-10-29_0000318154-20-000060.xlsx,Balance Sheet,"September 30, 2020 (Unaudited) ASSETS","Intangible assets, net",us-gaap:IntangibleAssetsNetExcludingGoodwill,reported,
balance_sheet,us-gaap:Goodwill,Goodwill,3Q20,14674.0,AMGN_SEC-XBRL-financials_as-presented_10-Q_2020-10-29_0000318154-20-000060.xlsx,Balance Sheet,"September 30, 2020 (Unaudited) ASSETS",Goodwill,us-gaap:Goodwill,reported,
balance_sheet,us-gaap:OtherAssetsNoncurrent,Other assets,3Q20,5232.0,AMGN_SEC-XBRL-financials_as-presented_10-Q_2020-10-29_0000318154-20-000060.xlsx,Balance Sheet,"September 30, 2020 (Unaudited) ASSETS",Other assets,us-gaap:OtherAssetsNoncurrent,reported,
balance_sheet,us-gaap:Assets,Total assets,3Q20,64637.0,AMGN_SEC-XBRL-financials_as-presented_10-Q_2020-10-29_0000318154-20-000060.xlsx,Balance Sheet,"September 30, 2020 (Unaudited) ASSETS",Total assets,us-gaap:Assets,reported,
balance_sheet,us-gaap:AccountsPayableCurrent,Accounts payable,3Q20,1161.0,AMGN_SEC-XBRL-financials_as-presented_10-Q_2020-10-29_0000318154-20-000060.xlsx,Balance Sheet,"September 30, 2020 (Unaudited) ASSETS",Accounts payable,us-gaap:AccountsPayableCurrent,reported,
balance_sheet,us-gaap:AccruedLiabilitiesCurrent,Accrued liabilities,3Q20,8701.0,AMGN_SEC-XBRL-financials_as-presented_10-Q_2020-10-29_0000318154-20-000060.xlsx,Balance Sheet,"September 30, 2020 (Unaudited) ASSETS",Accrued liabilities,us-gaap:AccruedLiabilitiesCurrent,reported,
balance_sheet,us-gaap:LongTermDebtCurrent,Current portion of long-term debt,3Q20,91.0,AMGN_SEC-XBRL-financials_as-presented_10-Q_2020-10-29_0000318154-20-000060.xlsx,Balance Sheet,"September 30, 2020 (Unaudited) ASSETS",Current portion of long-term debt,us-gaap:LongTermDebtCurrent,reported,
balance_sheet,us-gaap:LiabilitiesCurrent,Total current liabilities,3Q20,9953.0,AMGN_SEC-XBRL-financials_as-presented_10-Q_2020-10-29_0000318154-20-000060.xlsx,Balance Sheet,"September 30, 2020 (Unaudited) ASSETS",Total current liabilities,us-gaap:LiabilitiesCurrent,reported,
balance_sheet,us-gaap:LongTermDebtNoncurrent,Long-term debt,3Q20,34196.0,AMGN_SEC-XBRL-financials_as-presented_10-Q_2020-10-29_0000318154-20-000060.xlsx,Balance Sheet,"September 30, 2020 (Unaudited) ASSETS",Long-term debt,us-gaap:LongTermDebtNoncurrent,reported,
balance_sheet,us-gaap:DeferredIncomeTaxLiabilitiesNet,Long-term deferred tax liabilities,3Q20,210.0,AMGN_SEC-XBRL-financials_as-presented_10-Q_2020-10-29_0000318154-20-000060.xlsx,Balance Sheet,"September 30, 2020 (Unaudited) ASSETS",Long-term deferred tax liabilities,us-gaap:DeferredIncomeTaxLiabilitiesNet,reported,
balance_sheet,us-gaap:LiabilityForUncertainTaxPositionsNoncurrent,Long-term tax liabilities,3Q20,7560.0,AMGN_SEC-XBRL-financials_as-presented_10-Q_2020-10-29_0000318154-20-000060.xlsx,Balance Sheet,"September 30, 2020 (Unaudited) ASSETS",Long-term tax liabilities,us-gaap:LiabilityForUncertainTaxPositionsNoncurrent,reported,
balance_sheet,us-gaap:OtherLiabilitiesNoncurrent,Other noncurrent liabilities,3Q20,1759.0,AMGN_SEC-XBRL-financials_as-presented_10-Q_2020-10-29_0000318154-20-000060.xlsx,Balance Sheet,"September 30, 2020 (Unaudited) ASSETS",Other noncurrent liabilities,us-gaap:OtherLiabilitiesNoncurrent,reported,
balance_sheet,us-gaap:CommonStockParOrStatedValuePerShare,"Common stock and additional paid-in capital; $0.0001 par value; 2,750.0 shares authorized; outstanding — 583.5 shares in 2020 and 591.4 shares in 2019",3Q20,31713.0,AMGN_SEC-XBRL-financials_as-presented_10-Q_2020-10-29_0000318154-20-000060.xlsx,Balance Sheet,"September 30, 2020 (Unaudited) ASSETS","Common stock and additional paid-in capital; $0.0001 par value; 2,750.0 shares authorized; outstanding — 583.5 shares in 2020 and 591.4 shares in 2019",us-gaap:CommonStockParOrStatedValuePerShare,reported,
balance_sheet,us-gaap:RetainedEarningsAccumulatedDeficit,Accumulated deficit,3Q20,-19851.0,AMGN_SEC-XBRL-financials_as-presented_10-Q_2020-10-29_0000318154-20-000060.xlsx,Balance Sheet,"September 30, 2020 (Unaudited) ASSETS",Accumulated deficit,us-gaap:RetainedEarningsAccumulatedDeficit,reported,
balance_sheet,us-gaap:AccumulatedOtherComprehensiveIncomeLossNetOfTax,Accumulated other comprehensive loss,3Q20,-903.0,AMGN_SEC-XBRL-financials_as-presented_10-Q_2020-10-29_0000318154-20-000060.xlsx,Balance Sheet,"September 30, 2020 (Unaudited) ASSETS",Accumulated other comprehensive loss,us-gaap:AccumulatedOtherComprehensiveIncomeLossNetOfTax,reported,
balance_sheet,us-gaap:StockholdersEquity,Total stockholders’ equity,3Q20,10959.0,AMGN_SEC-XBRL-financials_as-presented_10-Q_2020-10-29_0000318154-20-000060.xlsx,Balance Sheet,"September 30, 2020 (Unaudited) ASSETS",Total stockholders’ equity,us-gaap:StockholdersEquity,reported,
balance_sheet,us-gaap:LiabilitiesAndStockholdersEquity,Total liabilities and stockholders’ equity,3Q20,64637.0,AMGN_SEC-XBRL-financials_as-presented_10-Q_2020-10-29_0000318154-20-000060.xlsx,Balance Sheet,"September 30, 2020 (Unaudited) ASSETS",Total liabilities and stockholders’ equity,us-gaap:LiabilitiesAndStockholdersEquity,reported,
balance_sheet,us-gaap:CashAndCashEquivalentsAtCarryingValue,Cash and cash equivalents,1Q21,6112.0,AMGN_SEC-XBRL-financials_as-presented_10-Q_2021-04-28_0000318154-21-000019.xlsx,Balance Sheet,"March 31, 2021 (Unaudited) ASSETS",Cash and cash equivalents,us-gaap:CashAndCashEquivalentsAtCarryingValue,reported,
balance_sheet,us-gaap:AvailableForSaleSecuritiesDebtSecuritiesCurrent,Marketable securities,1Q21,4454.0,AMGN_SEC-XBRL-financials_as-presented_10-Q_2021-04-28_0000318154-21-000019.xlsx,Balance Sheet,"March 31, 2021 (Unaudited) ASSETS",Marketable securities,us-gaap:AvailableForSaleSecuritiesDebtSecuritiesCurrent,reported,
balance_sheet,us-gaap:AccountsReceivableNetCurrent,"Trade receivables, net",1Q21,4423.0,AMGN_SEC-XBRL-financials_as-presented_10-Q_2021-04-28_0000318154-21-000019.xlsx,Balance Sheet,"March 31, 2021 (Unaudited) ASSETS","Trade receivables, net",us-gaap:AccountsReceivableNetCurrent,reported,
balance_sheet,us-gaap:InventoryNet,Inventories,1Q21,4017.0,AMGN_SEC-XBRL-financials_as-presented_10-Q_2021-04-28_0000318154-21-000019.xlsx,Balance Sheet,"March 31, 2021 (Unaudited) ASSETS",Inventories,us-gaap:InventoryNet,reported,
balance_sheet,us-gaap:OtherAssetsCurrent,Other current assets,1Q21,2293.0,AMGN_SEC-XBRL-financials_as-presented_10-Q_2021-04-28_0000318154-21-000019.xlsx,Balance Sheet,"March 31, 2021 (Unaudited) ASSETS",Other current assets,us-gaap:OtherAssetsCurrent,reported,
balance_sheet,us-gaap:AssetsCurrent,Total current assets,1Q21,21299.0,AMGN_SEC-XBRL-financials_as-presented_10-Q_2021-04-28_0000318154-21-000019.xlsx,Balance Sheet,"March 31, 2021 (Unaudited) ASSETS",Total current assets,us-gaap:AssetsCurrent,reported,
balance_sheet,us-gaap:PropertyPlantAndEquipmentNet,"Property, plant and equipment, net",1Q21,4855.0,AMGN_SEC-XBRL-financials_as-presented_10-Q_2021-04-28_0000318154-21-000019.xlsx,Balance Sheet,"March 31, 2021 (Unaudited) ASSETS","Property, plant and equipment, net",us-gaap:PropertyPlantAndEquipmentNet,reported,
balance_sheet,us-gaap:IntangibleAssetsNetExcludingGoodwill,"Intangible assets, net",1Q21,15947.0,AMGN_SEC-XBRL-financials_as-presented_10-Q_2021-04-28_0000318154-21-000019.xlsx,Balance Sheet,"March 31, 2021 (Unaudited) ASSETS","Intangible assets, net",us-gaap:IntangibleAssetsNetExcludingGoodwill,reported,
balance_sheet,us-gaap:Goodwill,Goodwill,1Q21,14673.0,AMGN_SEC-XBRL-financials_as-presented_10-Q_2021-04-28_0000318154-21-000019.xlsx,Balance Sheet,"March 31, 2021 (Unaudited) ASSETS",Goodwill,us-gaap:Goodwill,reported,
balance_sheet,us-gaap:OtherAssetsNoncurrent,Other assets,1Q21,5765.0,AMGN_SEC-XBRL-financials_as-presented_10-Q_2021-04-28_0000318154-21-000019.xlsx,Balance Sheet,"March 31, 2021 (Unaudited) ASSETS",Other assets,us-gaap:OtherAssetsNoncurrent,reported,
balance_sheet,us-gaap:Assets,Total assets,1Q21,62539.0,AMGN_SEC-XBRL-financials_as-presented_10-Q_2021-04-28_0000318154-21-000019.xlsx,Balance Sheet,"March 31, 2021 (Unaudited) ASSETS",Total assets,us-gaap:Assets,reported,
balance_sheet,us-gaap:AccountsPayableCurrent,Accounts payable,1Q21,1396.0,AMGN_SEC-XBRL-financials_as-presented_10-Q_2021-04-28_0000318154-21-000019.xlsx,Balance Sheet,"March 31, 2021 (Unaudited) ASSETS",Accounts payable,us-gaap:AccountsPayableCurrent,reported,
balance_sheet,us-gaap:AccruedLiabilitiesCurrent,Accrued liabilities,1Q21,9917.0,AMGN_SEC-XBRL-financials_as-presented_10-Q_2021-04-28_0000318154-21-000019.xlsx,Balance Sheet,"March 31, 2021 (Unaudited) ASSETS",Accrued liabilities,us-gaap:AccruedLiabilitiesCurrent,reported,
balance_sheet,us-gaap:LongTermDebtCurrent,Current portion of long-term debt,1Q21,1556.0,AMGN_SEC-XBRL-financials_as-presented_10-Q_2021-04-28_0000318154-21-000019.xlsx,Balance Sheet,"March 31, 2021 (Unaudited) ASSETS",Current portion of long-term debt,us-gaap:LongTermDebtCurrent,reported,
balance_sheet,us-gaap:LiabilitiesCurrent,Total current liabilities,1Q21,12869.0,AMGN_SEC-XBRL-financials_as-presented_10-Q_2021-04-28_0000318154-21-000019.xlsx,Balance Sheet,"March 31, 2021 (Unaudited) ASSETS",Total current liabilities,us-gaap:LiabilitiesCurrent,reported,
balance_sheet,us-gaap:LongTermDebtNoncurrent,Long-term debt,1Q21,31129.0,AMGN_SEC-XBRL-financials_as-presented_10-Q_2021-04-28_0000318154-21-000019.xlsx,Balance Sheet,"March 31, 2021 (Unaudited) ASSETS",Long-term debt,us-gaap:LongTermDebtNoncurrent,reported,
balance_sheet,us-gaap:LiabilityForUncertainTaxPositionsNoncurrent,Long-term tax liabilities,1Q21,7037.0,AMGN_SEC-XBRL-financials_as-presented_10-Q_2021-04-28_0000318154-21-000019.xlsx,Balance Sheet,"March 31, 2021 (Unaudited) ASSETS",Long-term tax liabilities,us-gaap:LiabilityForUncertainTaxPositionsNoncurrent,reported,
balance_sheet,us-gaap:OtherLiabilitiesNoncurrent,Other noncurrent liabilities,1Q21,2170.0,AMGN_SEC-XBRL-financials_as-presented_10-Q_2021-04-28_0000318154-21-000019.xlsx,Balance Sheet,"March 31, 2021 (Unaudited) ASSETS",Other noncurrent liabilities,us-gaap:OtherLiabilitiesNoncurrent,reported,
balance_sheet,us-gaap:CommonStockParOrStatedValuePerShare,"Common stock and additional paid-in capital; $0.0001 par value; 2,750.0 shares authorized; outstanding — 583.5 shares in 2020 and 591.4 shares in 2019",1Q21,31806.0,AMGN_SEC-XBRL-financials_as-presented_10-Q_2021-04-28_0000318154-21-000019.xlsx,Balance Sheet,"March 31, 2021 (Unaudited) ASSETS","Common stock and additional paid-in capital; $0.0001 par value; 2,750.0 shares authorized; outstanding—575.3 shares in 2021 and 578.3 shares in 2020",us-gaap:CommonStockParOrStatedValuePerShare,reported,
balance_sheet,us-gaap:RetainedEarningsAccumulatedDeficit,Accumulated deficit,1Q21,-21639.0,AMGN_SEC-XBRL-financials_as-presented_10-Q_2021-04-28_0000318154-21-000019.xlsx,Balance Sheet,"March 31, 2021 (Unaudited) ASSETS",Accumulated deficit,us-gaap:RetainedEarningsAccumulatedDeficit,reported,
balance_sheet,us-gaap:AccumulatedOtherComprehensiveIncomeLossNetOfTax,Accumulated other comprehensive loss,1Q21,-833.0,AMGN_SEC-XBRL-financials_as-presented_10-Q_2021-04-28_0000318154-21-000019.xlsx,Balance Sheet,"March 31, 2021 (Unaudited) ASSETS",Accumulated other comprehensive loss,us-gaap:AccumulatedOtherComprehensiveIncomeLossNetOfTax,reported,
balance_sheet,us-gaap:StockholdersEquity,Total stockholders’ equity,1Q21,9334.0,AMGN_SEC-XBRL-financials_as-presented_10-Q_2021-04-28_0000318154-21-000019.xlsx,Balance Sheet,"March 31, 2021 (Unaudited) ASSETS",Total stockholders’ equity,us-gaap:StockholdersEquity,reported,
balance_sheet,us-gaap:LiabilitiesAndStockholdersEquity,Total liabilities and stockholders’ equity,1Q21,62539.0,AMGN_SEC-XBRL-financials_as-presented_10-Q_2021-04-28_0000318154-21-000019.xlsx,Balance Sheet,"March 31, 2021 (Unaudited) ASSETS",Total liabilities and stockholders’ equity,us-gaap:LiabilitiesAndStockholdersEquity,reported,
balance_sheet,us-gaap:CashAndCashEquivalentsAtCarryingValue,Cash and cash equivalents,2Q21,6630.0,AMGN_SEC-XBRL-financials_as-presented_10-Q_2021-08-04_0000318154-21-000034.xlsx,Balance Sheet,"June 30, 2021 (Unaudited) ASSETS",Cash and cash equivalents,us-gaap:CashAndCashEquivalentsAtCarryingValue,reported,
balance_sheet,us-gaap:AvailableForSaleSecuritiesDebtSecuritiesCurrent,Marketable securities,2Q21,1452.0,AMGN_SEC-XBRL-financials_as-presented_10-Q_2021-08-04_0000318154-21-000034.xlsx,Balance Sheet,"June 30, 2021 (Unaudited) ASSETS",Marketable securities,us-gaap:AvailableForSaleSecuritiesDebtSecuritiesCurrent,reported,
balance_sheet,us-gaap:AccountsReceivableNetCurrent,"Trade receivables, net",2Q21,4479.0,AMGN_SEC-XBRL-financials_as-presented_10-Q_2021-08-04_0000318154-21-000034.xlsx,Balance Sheet,"June 30, 2021 (Unaudited) ASSETS","Trade receivables, net",us-gaap:AccountsReceivableNetCurrent,reported,
balance_sheet,us-gaap:InventoryNet,Inventories,2Q21,4115.0,AMGN_SEC-XBRL-financials_as-presented_10-Q_2021-08-04_0000318154-21-000034.xlsx,Balance Sheet,"June 30, 2021 (Unaudited) ASSETS",Inventories,us-gaap:InventoryNet,reported,
balance_sheet,us-gaap:OtherAssetsCurrent,Other current assets,2Q21,2423.0,AMGN_SEC-XBRL-financials_as-presented_10-Q_2021-08-04_0000318154-21-000034.xlsx,Balance Sheet,"June 30, 2021 (Unaudited) ASSETS",Other current assets,us-gaap:OtherAssetsCurrent,reported,
balance_sheet,us-gaap:AssetsCurrent,Total current assets,2Q21,19099.0,AMGN_SEC-XBRL-financials_as-presented_10-Q_2021-08-04_0000318154-21-000034.xlsx,Balance Sheet,"June 30, 2021 (Unaudited) ASSETS",Total current assets,us-gaap:AssetsCurrent,reported,
balance_sheet,us-gaap:PropertyPlantAndEquipmentNet,"Property, plant and equipment, net",2Q21,4906.0,AMGN_SEC-XBRL-financials_as-presented_10-Q_2021-08-04_0000318154-21-000034.xlsx,Balance Sheet,"June 30, 2021 (Unaudited) ASSETS","Property, plant and equipment, net",us-gaap:PropertyPlantAndEquipmentNet,reported,
balance_sheet,us-gaap:IntangibleAssetsNetExcludingGoodwill,"Intangible assets, net",2Q21,15308.0,AMGN_SEC-XBRL-financials_as-presented_10-Q_2021-08-04_0000318154-21-000034.xlsx,Balance Sheet,"June 30, 2021 (Unaudited) ASSETS","Intangible assets, net",us-gaap:IntangibleAssetsNetExcludingGoodwill,reported,
balance_sheet,us-gaap:Goodwill,Goodwill,2Q21,14676.0,AMGN_SEC-XBRL-financials_as-presented_10-Q_2021-08-04_0000318154-21-000034.xlsx,Balance Sheet,"June 30, 2021 (Unaudited) ASSETS",Goodwill,us-gaap:Goodwill,reported,
balance_sheet,us-gaap:OtherAssetsNoncurrent,Other assets,2Q21,5784.0,AMGN_SEC-XBRL-financials_as-presented_10-Q_2021-08-04_0000318154-21-000034.xlsx,Balance Sheet,"June 30, 2021 (Unaudited) ASSETS",Other noncurrent assets,us-gaap:OtherAssetsNoncurrent,reported,
balance_sheet,us-gaap:Assets,Total assets,2Q21,59773.0,AMGN_SEC-XBRL-financials_as-presented_10-Q_2021-08-04_0000318154-21-000034.xlsx,Balance Sheet,"June 30, 2021 (Unaudited) ASSETS",Total assets,us-gaap:Assets,reported,
balance_sheet,us-gaap:AccountsPayableCurrent,Accounts payable,2Q21,1277.0,AMGN_SEC-XBRL-financials_as-presented_10-Q_2021-08-04_0000318154-21-000034.xlsx,Balance Sheet,"June 30, 2021 (Unaudited) ASSETS",Accounts payable,us-gaap:AccountsPayableCurrent,reported,
balance_sheet,us-gaap:AccruedLiabilitiesCurrent,Accrued liabilities,2Q21,8984.0,AMGN_SEC-XBRL-financials_as-presented_10-Q_2021-08-04_0000318154-21-000034.xlsx,Balance Sheet,"June 30, 2021 (Unaudited) ASSETS",Accrued liabilities,us-gaap:AccruedLiabilitiesCurrent,reported,
balance_sheet,us-gaap:LongTermDebtCurrent,Current portion of long-term debt,2Q21,4324.0,AMGN_SEC-XBRL-financials_as-presented_10-Q_2021-08-04_0000318154-21-000034.xlsx,Balance Sheet,"June 30, 2021 (Unaudited) ASSETS",Current portion of long-term debt,us-gaap:LongTermDebtCurrent,reported,
balance_sheet,us-gaap:LiabilitiesCurrent,Total current liabilities,2Q21,14585.0,AMGN_SEC-XBRL-financials_as-presented_10-Q_2021-08-04_0000318154-21-000034.xlsx,Balance Sheet,"June 30, 2021 (Unaudited) ASSETS",Total current liabilities,us-gaap:LiabilitiesCurrent,reported,
balance_sheet,us-gaap:LongTermDebtNoncurrent,Long-term debt,2Q21,28458.0,AMGN_SEC-XBRL-financials_as-presented_10-Q_2021-08-04_0000318154-21-000034.xlsx,Balance Sheet,"June 30, 2021 (Unaudited) ASSETS",Long-term debt,us-gaap:LongTermDebtNoncurrent,reported,
balance_sheet,us-gaap:LiabilityForUncertainTaxPositionsNoncurrent,Long-term tax liabilities,2Q21,6428.0,AMGN_SEC-XBRL-financials_as-presented_10-Q_2021-08-04_0000318154-21-000034.xlsx,Balance Sheet,"June 30, 2021 (Unaudited) ASSETS",Long-term tax liabilities,us-gaap:LiabilityForUncertainTaxPositionsNoncurrent,reported,
balance_sheet,us-gaap:OtherLiabilitiesNoncurrent,Other noncurrent liabilities,2Q21,2055.0,AMGN_SEC-XBRL-financials_as-presented_10-Q_2021-08-04_0000318154-21-000034.xlsx,Balance Sheet,"June 30, 2021 (Unaudited) ASSETS",Other noncurrent liabilities,us-gaap:OtherLiabilitiesNoncurrent,reported,
balance_sheet,us-gaap:CommonStockParOrStatedValuePerShare,"Common stock and additional paid-in capital; $0.0001 par value; 2,750.0 shares authorized; outstanding — 583.5 shares in 2020 and 591.4 shares in 2019",2Q21,31877.0,AMGN_SEC-XBRL-financials_as-presented_10-Q_2021-08-04_0000318154-21-000034.xlsx,Balance Sheet,"June 30, 2021 (Unaudited) ASSETS","Common stock and additional paid-in capital; $0.0001 par value; 2,750.0 shares authorized; outstanding—569.6 shares in 2021 and 578.3 shares in 2020",us-gaap:CommonStockParOrStatedValuePerShare,reported,
balance_sheet,us-gaap:RetainedEarningsAccumulatedDeficit,Accumulated deficit,2Q21,-22762.0,AMGN_SEC-XBRL-financials_as-presented_10-Q_2021-08-04_0000318154-21-000034.xlsx,Balance Sheet,"June 30, 2021 (Unaudited) ASSETS",Accumulated deficit,us-gaap:RetainedEarningsAccumulatedDeficit,reported,
balance_sheet,us-gaap:AccumulatedOtherComprehensiveIncomeLossNetOfTax,Accumulated other comprehensive loss,2Q21,-868.0,AMGN_SEC-XBRL-financials_as-presented_10-Q_2021-08-04_0000318154-21-000034.xlsx,Balance Sheet,"June 30, 2021 (Unaudited) ASSETS",Accumulated other comprehensive loss,us-gaap:AccumulatedOtherComprehensiveIncomeLossNetOfTax,reported,
balance_sheet,us-gaap:StockholdersEquity,Total stockholders’ equity,2Q21,8247.0,AMGN_SEC-XBRL-financials_as-presented_10-Q_2021-08-04_0000318154-21-000034.xlsx,Balance Sheet,"June 30, 2021 (Unaudited) ASSETS",Total stockholders’ equity,us-gaap:StockholdersEquity,reported,
balance_sheet,us-gaap:LiabilitiesAndStockholdersEquity,Total liabilities and stockholders’ equity,2Q21,59773.0,AMGN_SEC-XBRL-financials_as-presented_10-Q_2021-08-04_0000318154-21-000034.xlsx,Balance Sheet,"June 30, 2021 (Unaudited) ASSETS",Total liabilities and stockholders’ equity,us-gaap:LiabilitiesAndStockholdersEquity,reported,
balance_sheet,us-gaap:CashAndCashEquivalentsAtCarryingValue,Cash and cash equivalents,3Q21,11969.0,AMGN_SEC-XBRL-financials_as-presented_10-Q_2021-11-03_0000318154-21-000045.xlsx,Balance Sheet,"September 30, 2021 (Unaudited) ASSETS",Cash and cash equivalents,us-gaap:CashAndCashEquivalentsAtCarryingValue,reported,
balance_sheet,us-gaap:AvailableForSaleSecuritiesDebtSecuritiesCurrent,Marketable securities,3Q21,952.0,AMGN_SEC-XBRL-financials_as-presented_10-Q_2021-11-03_0000318154-21-000045.xlsx,Balance Sheet,"September 30, 2021 (Unaudited) ASSETS",Marketable securities,us-gaap:AvailableForSaleSecuritiesDebtSecuritiesCurrent,reported,
balance_sheet,us-gaap:AccountsReceivableNetCurrent,"Trade receivables, net",3Q21,4765.0,AMGN_SEC-XBRL-financials_as-presented_10-Q_2021-11-03_0000318154-21-000045.xlsx,Balance Sheet,"September 30, 2021 (Unaudited) ASSETS","Trade receivables, net",us-gaap:AccountsReceivableNetCurrent,reported,
balance_sheet,us-gaap:InventoryNet,Inventories,3Q21,4152.0,AMGN_SEC-XBRL-financials_as-presented_10-Q_2021-11-03_0000318154-21-000045.xlsx,Balance Sheet,"September 30, 2021 (Unaudited) ASSETS",Inventories,us-gaap:InventoryNet,reported,
balance_sheet,us-gaap:OtherAssetsCurrent,Other current assets,3Q21,2542.0,AMGN_SEC-XBRL-financials_as-presented_10-Q_2021-11-03_0000318154-21-000045.xlsx,Balance Sheet,"September 30, 2021 (Unaudited) ASSETS",Other current assets,us-gaap:OtherAssetsCurrent,reported,
balance_sheet,us-gaap:AssetsCurrent,Total current assets,3Q21,24380.0,AMGN_SEC-XBRL-financials_as-presented_10-Q_2021-11-03_0000318154-21-000045.xlsx,Balance Sheet,"September 30, 2021 (Unaudited) ASSETS",Total current assets,us-gaap:AssetsCurrent,reported,
balance_sheet,us-gaap:PropertyPlantAndEquipmentNet,"Property, plant and equipment, net",3Q21,4982.0,AMGN_SEC-XBRL-financials_as-presented_10-Q_2021-11-03_0000318154-21-000045.xlsx,Balance Sheet,"September 30, 2021 (Unaudited) ASSETS","Property, plant and equipment, net",us-gaap:PropertyPlantAndEquipmentNet,reported,
balance_sheet,us-gaap:IntangibleAssetsNetExcludingGoodwill,"Intangible assets, net",3Q21,14659.0,AMGN_SEC-XBRL-financials_as-presented_10-Q_2021-11-03_0000318154-21-000045.xlsx,Balance Sheet,"September 30, 2021 (Unaudited) ASSETS","Intangible assets, net",us-gaap:IntangibleAssetsNetExcludingGoodwill,reported,
balance_sheet,us-gaap:Goodwill,Goodwill,3Q21,14665.0,AMGN_SEC-XBRL-financials_as-presented_10-Q_2021-11-03_0000318154-21-000045.xlsx,Balance Sheet,"September 30, 2021 (Unaudited) ASSETS",Goodwill,us-gaap:Goodwill,reported,
balance_sheet,us-gaap:OtherAssetsNoncurrent,Other assets,3Q21,6307.0,AMGN_SEC-XBRL-financials_as-presented_10-Q_2021-11-03_0000318154-21-000045.xlsx,Balance Sheet,"September 30, 2021 (Unaudited) ASSETS",Other noncurrent assets,us-gaap:OtherAssetsNoncurrent,reported,
balance_sheet,us-gaap:Assets,Total assets,3Q21,64993.0,AMGN_SEC-XBRL-financials_as-presented_10-Q_2021-11-03_0000318154-21-000045.xlsx,Balance Sheet,"September 30, 2021 (Unaudited) ASSETS",Total assets,us-gaap:Assets,reported,
balance_sheet,us-gaap:AccountsPayableCurrent,Accounts payable,3Q21,1171.0,AMGN_SEC-XBRL-financials_as-presented_10-Q_2021-11-03_0000318154-21-000045.xlsx,Balance Sheet,"September 30, 2021 (Unaudited) ASSETS",Accounts payable,us-gaap:AccountsPayableCurrent,reported,
balance_sheet,us-gaap:AccruedLiabilitiesCurrent,Accrued liabilities,3Q21,9383.0,AMGN_SEC-XBRL-financials_as-presented_10-Q_2021-11-03_0000318154-21-000045.xlsx,Balance Sheet,"September 30, 2021 (Unaudited) ASSETS",Accrued liabilities,us-gaap:AccruedLiabilitiesCurrent,reported,
balance_sheet,us-gaap:LongTermDebtCurrent,Current portion of long-term debt,3Q21,4288.0,AMGN_SEC-XBRL-financials_as-presented_10-Q_2021-11-03_0000318154-21-000045.xlsx,Balance Sheet,"September 30, 2021 (Unaudited) ASSETS",Current portion of long-term debt,us-gaap:LongTermDebtCurrent,reported,
balance_sheet,us-gaap:LiabilitiesCurrent,Total current liabilities,3Q21,14842.0,AMGN_SEC-XBRL-financials_as-presented_10-Q_2021-11-03_0000318154-21-000045.xlsx,Balance Sheet,"September 30, 2021 (Unaudited) ASSETS",Total current liabilities,us-gaap:LiabilitiesCurrent,reported,
balance_sheet,us-gaap:LongTermDebtNoncurrent,Long-term debt,3Q21,33291.0,AMGN_SEC-XBRL-financials_as-presented_10-Q_2021-11-03_0000318154-21-000045.xlsx,Balance Sheet,"September 30, 2021 (Unaudited) ASSETS",Long-term debt,us-gaap:LongTermDebtNoncurrent,reported,
balance_sheet,us-gaap:LiabilityForUncertainTaxPositionsNoncurrent,Long-term tax liabilities,3Q21,6483.0,AMGN_SEC-XBRL-financials_as-presented_10-Q_2021-11-03_0000318154-21-000045.xlsx,Balance Sheet,"September 30, 2021 (Unaudited) ASSETS",Long-term tax liabilities,us-gaap:LiabilityForUncertainTaxPositionsNoncurrent,reported,
balance_sheet,us-gaap:OtherLiabilitiesNoncurrent,Other noncurrent liabilities,3Q21,2160.0,AMGN_SEC-XBRL-financials_as-presented_10-Q_2021-11-03_0000318154-21-000045.xlsx,Balance Sheet,"September 30, 2021 (Unaudited) ASSETS",Other noncurrent liabilities,us-gaap:OtherLiabilitiesNoncurrent,reported,
balance_sheet,us-gaap:CommonStockParOrStatedValuePerShare,"Common stock and additional paid-in capital; $0.0001 par value; 2,750.0 shares authorized; outstanding — 583.5 shares in 2020 and 591.4 shares in 2019",3Q21,31989.0,AMGN_SEC-XBRL-financials_as-presented_10-Q_2021-11-03_0000318154-21-000045.xlsx,Balance Sheet,"September 30, 2021 (Unaudited) ASSETS","Common stock and additional paid-in capital; $0.0001 par value; 2,750.0 shares authorized; outstanding—565.0 shares in 2021 and 578.3 shares in 2020",us-gaap:CommonStockParOrStatedValuePerShare,reported,
balance_sheet,us-gaap:RetainedEarningsAccumulatedDeficit,Accumulated deficit,3Q21,-22964.0,AMGN_SEC-XBRL-financials_as-presented_10-Q_2021-11-03_0000318154-21-000045.xlsx,Balance Sheet,"September 30, 2021 (Unaudited) ASSETS",Accumulated deficit,us-gaap:RetainedEarningsAccumulatedDeficit,reported,
balance_sheet,us-gaap:AccumulatedOtherComprehensiveIncomeLossNetOfTax,Accumulated other comprehensive loss,3Q21,-808.0,AMGN_SEC-XBRL-financials_as-presented_10-Q_2021-11-03_0000318154-21-000045.xlsx,Balance Sheet,"September 30, 2021 (Unaudited) ASSETS",Accumulated other comprehensive loss,us-gaap:AccumulatedOtherComprehensiveIncomeLossNetOfTax,reported,
balance_sheet,us-gaap:StockholdersEquity,Total stockholders’ equity,3Q21,8217.0,AMGN_SEC-XBRL-financials_as-presented_10-Q_2021-11-03_0000318154-21-000045.xlsx,Balance Sheet,"September 30, 2021 (Unaudited) ASSETS",Total stockholders’ equity,us-gaap:StockholdersEquity,reported,
balance_sheet,us-gaap:LiabilitiesAndStockholdersEquity,Total liabilities and stockholders’ equity,3Q21,64993.0,AMGN_SEC-XBRL-financials_as-presented_10-Q_2021-11-03_0000318154-21-000045.xlsx,Balance Sheet,"September 30, 2021 (Unaudited) ASSETS",Total liabilities and stockholders’ equity,us-gaap:LiabilitiesAndStockholdersEquity,reported,
balance_sheet,us-gaap:CashAndCashEquivalentsAtCarryingValue,Cash and cash equivalents,1Q22,6528.0,AMGN_SEC-XBRL-financials_as-presented_10-Q_2022-04-28_0000318154-22-000021.xlsx,Balance Sheet,"March 31, 2022 (Unaudited) ASSETS",Cash and cash equivalents,us-gaap:CashAndCashEquivalentsAtCarryingValue,reported,
balance_sheet,us-gaap:AvailableForSaleSecuritiesDebtSecuritiesCurrent,Marketable securities,1Q22,16.0,AMGN_SEC-XBRL-financials_as-presented_10-Q_2022-04-28_0000318154-22-000021.xlsx,Balance Sheet,"March 31, 2022 (Unaudited) ASSETS",Marketable securities,us-gaap:AvailableForSaleSecuritiesDebtSecuritiesCurrent,reported,
balance_sheet,us-gaap:AccountsReceivableNetCurrent,"Trade receivables, net",1Q22,5077.0,AMGN_SEC-XBRL-financials_as-presented_10-Q_2022-04-28_0000318154-22-000021.xlsx,Balance Sheet,"March 31, 2022 (Unaudited) ASSETS","Trade receivables, net",us-gaap:AccountsReceivableNetCurrent,reported,
balance_sheet,us-gaap:InventoryNet,Inventories,1Q22,4411.0,AMGN_SEC-XBRL-financials_as-presented_10-Q_2022-04-28_0000318154-22-000021.xlsx,Balance Sheet,"March 31, 2022 (Unaudited) ASSETS",Inventories,us-gaap:InventoryNet,reported,
balance_sheet,us-gaap:OtherAssetsCurrent,Other current assets,1Q22,2488.0,AMGN_SEC-XBRL-financials_as-presented_10-Q_2022-04-28_0000318154-22-000021.xlsx,Balance Sheet,"March 31, 2022 (Unaudited) ASSETS",Other current assets,us-gaap:OtherAssetsCurrent,reported,
balance_sheet,us-gaap:AssetsCurrent,Total current assets,1Q22,18520.0,AMGN_SEC-XBRL-financials_as-presented_10-Q_2022-04-28_0000318154-22-000021.xlsx,Balance Sheet,"March 31, 2022 (Unaudited) ASSETS",Total current assets,us-gaap:AssetsCurrent,reported,
balance_sheet,us-gaap:PropertyPlantAndEquipmentNet,"Property, plant and equipment, net",1Q22,5142.0,AMGN_SEC-XBRL-financials_as-presented_10-Q_2022-04-28_0000318154-22-000021.xlsx,Balance Sheet,"March 31, 2022 (Unaudited) ASSETS","Property, plant and equipment, net",us-gaap:PropertyPlantAndEquipmentNet,reported,
balance_sheet,us-gaap:IntangibleAssetsNetExcludingGoodwill,"Intangible assets, net",1Q22,14567.0,AMGN_SEC-XBRL-financials_as-presented_10-Q_2022-04-28_0000318154-22-000021.xlsx,Balance Sheet,"March 31, 2022 (Unaudited) ASSETS","Intangible assets, net",us-gaap:IntangibleAssetsNetExcludingGoodwill,reported,
balance_sheet,us-gaap:Goodwill,Goodwill,1Q22,14897.0,AMGN_SEC-XBRL-financials_as-presented_10-Q_2022-04-28_0000318154-22-000021.xlsx,Balance Sheet,"March 31, 2022 (Unaudited) ASSETS",Goodwill,us-gaap:Goodwill,reported,
balance_sheet,us-gaap:OtherAssetsNoncurrent,Other assets,1Q22,6070.0,AMGN_SEC-XBRL-financials_as-presented_10-Q_2022-04-28_0000318154-22-000021.xlsx,Balance Sheet,"March 31, 2022 (Unaudited) ASSETS",Other noncurrent assets,us-gaap:OtherAssetsNoncurrent,reported,
balance_sheet,us-gaap:Assets,Total assets,1Q22,59196.0,AMGN_SEC-XBRL-financials_as-presented_10-Q_2022-04-28_0000318154-22-000021.xlsx,Balance Sheet,"March 31, 2022 (Unaudited) ASSETS",Total assets,us-gaap:Assets,reported,
balance_sheet,us-gaap:AccountsPayableCurrent,Accounts payable,1Q22,1403.0,AMGN_SEC-XBRL-financials_as-presented_10-Q_2022-04-28_0000318154-22-000021.xlsx,Balance Sheet,"March 31, 2022 (Unaudited) ASSETS",Accounts payable,us-gaap:AccountsPayableCurrent,reported,
balance_sheet,us-gaap:AccruedLiabilitiesCurrent,Accrued liabilities,1Q22,10639.0,AMGN_SEC-XBRL-financials_as-presented_10-Q_2022-04-28_0000318154-22-000021.xlsx,Balance Sheet,"March 31, 2022 (Unaudited) ASSETS",Accrued liabilities,us-gaap:AccruedLiabilitiesCurrent,reported,
balance_sheet,us-gaap:LongTermDebtCurrent,Current portion of long-term debt,1Q22,844.0,AMGN_SEC-XBRL-financials_as-presented_10-Q_2022-04-28_0000318154-22-000021.xlsx,Balance Sheet,"March 31, 2022 (Unaudited) ASSETS",Current portion of long-term debt,us-gaap:LongTermDebtCurrent,reported,
balance_sheet,us-gaap:LiabilitiesCurrent,Total current liabilities,1Q22,12886.0,AMGN_SEC-XBRL-financials_as-presented_10-Q_2022-04-28_0000318154-22-000021.xlsx,Balance Sheet,"March 31, 2022 (Unaudited) ASSETS",Total current liabilities,us-gaap:LiabilitiesCurrent,reported,
balance_sheet,us-gaap:LongTermDebtNoncurrent,Long-term debt,1Q22,36010.0,AMGN_SEC-XBRL-financials_as-presented_10-Q_2022-04-28_0000318154-22-000021.xlsx,Balance Sheet,"March 31, 2022 (Unaudited) ASSETS",Long-term debt,us-gaap:LongTermDebtNoncurrent,reported,
balance_sheet,us-gaap:LiabilityForUncertainTaxPositionsNoncurrent,Long-term tax liabilities,1Q22,6652.0,AMGN_SEC-XBRL-financials_as-presented_10-Q_2022-04-28_0000318154-22-000021.xlsx,Balance Sheet,"March 31, 2022 (Unaudited) ASSETS",Long-term tax liabilities,us-gaap:LiabilityForUncertainTaxPositionsNoncurrent,reported,
balance_sheet,us-gaap:OtherLiabilitiesNoncurrent,Other noncurrent liabilities,1Q22,2732.0,AMGN_SEC-XBRL-financials_as-presented_10-Q_2022-04-28_0000318154-22-000021.xlsx,Balance Sheet,"March 31, 2022 (Unaudited) ASSETS",Other noncurrent liabilities,us-gaap:OtherLiabilitiesNoncurrent,reported,
balance_sheet,us-gaap:CommonStockParOrStatedValuePerShare,"Common stock and additional paid-in capital; $0.0001 par value; 2,750.0 shares authorized; outstanding — 583.5 shares in 2020 and 591.4 shares in 2019",1Q22,31247.0,AMGN_SEC-XBRL-financials_as-presented_10-Q_2022-04-28_0000318154-22-000021.xlsx,Balance Sheet,"March 31, 2022 (Unaudited) ASSETS","Common stock and additional paid-in capital; $0.0001 par value; 2,750.0 shares authorized; outstanding—534.2 shares in 2022 and 558.3 shares in 2021",us-gaap:CommonStockParOrStatedValuePerShare,reported,
balance_sheet,us-gaap:RetainedEarningsAccumulatedDeficit,Accumulated deficit,1Q22,-29568.0,AMGN_SEC-XBRL-financials_as-presented_10-Q_2022-04-28_0000318154-22-000021.xlsx,Balance Sheet,"March 31, 2022 (Unaudited) ASSETS",Accumulated deficit,us-gaap:RetainedEarningsAccumulatedDeficit,reported,
balance_sheet,us-gaap:AccumulatedOtherComprehensiveIncomeLossNetOfTax,Accumulated other comprehensive loss,1Q22,-763.0,AMGN_SEC-XBRL-financials_as-presented_10-Q_2022-04-28_0000318154-22-000021.xlsx,Balance Sheet,"March 31, 2022 (Unaudited) ASSETS",Accumulated other comprehensive loss,us-gaap:AccumulatedOtherComprehensiveIncomeLossNetOfTax,reported,
balance_sheet,us-gaap:StockholdersEquity,Total stockholders’ equity,1Q22,916.0,AMGN_SEC-XBRL-financials_as-presented_10-Q_2022-04-28_0000318154-22-000021.xlsx,Balance Sheet,"March 31, 2022 (Unaudited) ASSETS",Total stockholders’ equity,us-gaap:StockholdersEquity,reported,
balance_sheet,us-gaap:LiabilitiesAndStockholdersEquity,Total liabilities and stockholders’ equity,1Q22,59196.0,AMGN_SEC-XBRL-financials_as-presented_10-Q_2022-04-28_0000318154-22-000021.xlsx,Balance Sheet,"March 31, 2022 (Unaudited) ASSETS",Total liabilities and stockholders’ equity,us-gaap:LiabilitiesAndStockholdersEquity,reported,
balance_sheet,us-gaap:CashAndCashEquivalentsAtCarryingValue,Cash and cash equivalents,2Q22,5203.0,AMGN_SEC-XBRL-financials_as-presented_10-Q_2022-08-05_0000318154-22-000041.xlsx,Balance Sheet,"June 30, 2022 (Unaudited) ASSETS",Cash and cash equivalents,us-gaap:CashAndCashEquivalentsAtCarryingValue,reported,
balance_sheet,us-gaap:AvailableForSaleSecuritiesDebtSecuritiesCurrent,Marketable securities,2Q22,1980.0,AMGN_SEC-XBRL-financials_as-presented_10-Q_2022-08-05_0000318154-22-000041.xlsx,Balance Sheet,"June 30, 2022 (Unaudited) ASSETS",Marketable securities,us-gaap:AvailableForSaleSecuritiesDebtSecuritiesCurrent,reported,
balance_sheet,us-gaap:AccountsReceivableNetCurrent,"Trade receivables, net",2Q22,5327.0,AMGN_SEC-XBRL-financials_as-presented_10-Q_2022-08-05_0000318154-22-000041.xlsx,Balance Sheet,"June 30, 2022 (Unaudited) ASSETS","Trade receivables, net",us-gaap:AccountsReceivableNetCurrent,reported,
balance_sheet,us-gaap:InventoryNet,Inventories,2Q22,4554.0,AMGN_SEC-XBRL-financials_as-presented_10-Q_2022-08-05_0000318154-22-000041.xlsx,Balance Sheet,"June 30, 2022 (Unaudited) ASSETS",Inventories,us-gaap:InventoryNet,reported,
balance_sheet,us-gaap:OtherAssetsCurrent,Other current assets,2Q22,2258.0,AMGN_SEC-XBRL-financials_as-presented_10-Q_2022-08-05_0000318154-22-000041.xlsx,Balance Sheet,"June 30, 2022 (Unaudited) ASSETS",Other current assets,us-gaap:OtherAssetsCurrent,reported,
balance_sheet,us-gaap:AssetsCurrent,Total current assets,2Q22,19322.0,AMGN_SEC-XBRL-financials_as-presented_10-Q_2022-08-05_0000318154-22-000041.xlsx,Balance Sheet,"June 30, 2022 (Unaudited) ASSETS",Total current assets,us-gaap:AssetsCurrent,reported,
balance_sheet,us-gaap:PropertyPlantAndEquipmentNet,"Property, plant and equipment, net",2Q22,5158.0,AMGN_SEC-XBRL-financials_as-presented_10-Q_2022-08-05_0000318154-22-000041.xlsx,Balance Sheet,"June 30, 2022 (Unaudited) ASSETS","Property, plant and equipment, net",us-gaap:PropertyPlantAndEquipmentNet,reported,
balance_sheet,us-gaap:IntangibleAssetsNetExcludingGoodwill,"Intangible assets, net",2Q22,13927.0,AMGN_SEC-XBRL-financials_as-presented_10-Q_2022-08-05_0000318154-22-000041.xlsx,Balance Sheet,"June 30, 2022 (Unaudited) ASSETS","Intangible assets, net",us-gaap:IntangibleAssetsNetExcludingGoodwill,reported,
balance_sheet,us-gaap:Goodwill,Goodwill,2Q22,14865.0,AMGN_SEC-XBRL-financials_as-presented_10-Q_2022-08-05_0000318154-22-000041.xlsx,Balance Sheet,"June 30, 2022 (Unaudited) ASSETS",Goodwill,us-gaap:Goodwill,reported,
balance_sheet,us-gaap:OtherAssetsNoncurrent,Other assets,2Q22,6022.0,AMGN_SEC-XBRL-financials_as-presented_10-Q_2022-08-05_0000318154-22-000041.xlsx,Balance Sheet,"June 30, 2022 (Unaudited) ASSETS",Other noncurrent assets,us-gaap:OtherAssetsNoncurrent,reported,
balance_sheet,us-gaap:Assets,Total assets,2Q22,59294.0,AMGN_SEC-XBRL-financials_as-presented_10-Q_2022-08-05_0000318154-22-000041.xlsx,Balance Sheet,"June 30, 2022 (Unaudited) ASSETS",Total assets,us-gaap:Assets,reported,
balance_sheet,us-gaap:AccountsPayableCurrent,Accounts payable,2Q22,1256.0,AMGN_SEC-XBRL-financials_as-presented_10-Q_2022-08-05_0000318154-22-000041.xlsx,Balance Sheet,"June 30, 2022 (Unaudited) ASSETS",Accounts payable,us-gaap:AccountsPayableCurrent,reported,
balance_sheet,us-gaap:AccruedLiabilitiesCurrent,Accrued liabilities,2Q22,10545.0,AMGN_SEC-XBRL-financials_as-presented_10-Q_2022-08-05_0000318154-22-000041.xlsx,Balance Sheet,"June 30, 2022 (Unaudited) ASSETS",Accrued liabilities,us-gaap:AccruedLiabilitiesCurrent,reported,
balance_sheet,us-gaap:LongTermDebtCurrent,Current portion of long-term debt,2Q22,817.0,AMGN_SEC-XBRL-financials_as-presented_10-Q_2022-08-05_0000318154-22-000041.xlsx,Balance Sheet,"June 30, 2022 (Unaudited) ASSETS",Current portion of long-term debt,us-gaap:LongTermDebtCurrent,reported,
balance_sheet,us-gaap:LiabilitiesCurrent,Total current liabilities,2Q22,12618.0,AMGN_SEC-XBRL-financials_as-presented_10-Q_2022-08-05_0000318154-22-000041.xlsx,Balance Sheet,"June 30, 2022 (Unaudited) ASSETS",Total current liabilities,us-gaap:LiabilitiesCurrent,reported,
balance_sheet,us-gaap:LongTermDebtNoncurrent,Long-term debt,2Q22,35705.0,AMGN_SEC-XBRL-financials_as-presented_10-Q_2022-08-05_0000318154-22-000041.xlsx,Balance Sheet,"June 30, 2022 (Unaudited) ASSETS",Long-term debt,us-gaap:LongTermDebtNoncurrent,reported,
balance_sheet,us-gaap:LiabilityForUncertainTaxPositionsNoncurrent,Long-term tax liabilities,2Q22,5603.0,AMGN_SEC-XBRL-financials_as-presented_10-Q_2022-08-05_0000318154-22-000041.xlsx,Balance Sheet,"June 30, 2022 (Unaudited) ASSETS",Long-term tax liabilities,us-gaap:LiabilityForUncertainTaxPositionsNoncurrent,reported,
balance_sheet,us-gaap:OtherLiabilitiesNoncurrent,Other noncurrent liabilities,2Q22,2949.0,AMGN_SEC-XBRL-financials_as-presented_10-Q_2022-08-05_0000318154-22-000041.xlsx,Balance Sheet,"June 30, 2022 (Unaudited) ASSETS",Other noncurrent liabilities,us-gaap:OtherLiabilitiesNoncurrent,reported,
balance_sheet,us-gaap:CommonStockParOrStatedValuePerShare,"Common stock and additional paid-in capital; $0.0001 par value; 2,750.0 shares authorized; outstanding — 583.5 shares in 2020 and 591.4 shares in 2019",2Q22,31343.0,AMGN_SEC-XBRL-financials_as-presented_10-Q_2022-08-05_0000318154-22-000041.xlsx,Balance Sheet,"June 30, 2022 (Unaudited) ASSETS","Common stock and additional paid-in capital; $0.0001 par value; 2,750.0 shares authorized; outstanding—534.9 shares in 2022 and 558.3 shares in 2021",us-gaap:CommonStockParOrStatedValuePerShare,reported,
balance_sheet,us-gaap:RetainedEarningsAccumulatedDeficit,Accumulated deficit,2Q22,-28252.0,AMGN_SEC-XBRL-financials_as-presented_10-Q_2022-08-05_0000318154-22-000041.xlsx,Balance Sheet,"June 30, 2022 (Unaudited) ASSETS",Accumulated deficit,us-gaap:RetainedEarningsAccumulatedDeficit,reported,
balance_sheet,us-gaap:AccumulatedOtherComprehensiveIncomeLossNetOfTax,Accumulated other comprehensive loss,2Q22,-672.0,AMGN_SEC-XBRL-financials_as-presented_10-Q_2022-08-05_0000318154-22-000041.xlsx,Balance Sheet,"June 30, 2022 (Unaudited) ASSETS",Accumulated other comprehensive loss,us-gaap:AccumulatedOtherComprehensiveIncomeLossNetOfTax,reported,
balance_sheet,us-gaap:StockholdersEquity,Total stockholders’ equity,2Q22,2419.0,AMGN_SEC-XBRL-financials_as-presented_10-Q_2022-08-05_0000318154-22-000041.xlsx,Balance Sheet,"June 30, 2022 (Unaudited) ASSETS",Total stockholders’ equity,us-gaap:StockholdersEquity,reported,
balance_sheet,us-gaap:LiabilitiesAndStockholdersEquity,Total liabilities and stockholders’ equity,2Q22,59294.0,AMGN_SEC-XBRL-financials_as-presented_10-Q_2022-08-05_0000318154-22-000041.xlsx,Balance Sheet,"June 30, 2022 (Unaudited) ASSETS",Total liabilities and stockholders’ equity,us-gaap:LiabilitiesAndStockholdersEquity,reported,
balance_sheet,us-gaap:CashAndCashEquivalentsAtCarryingValue,Cash and cash equivalents,3Q22,9502.0,AMGN_SEC-XBRL-financials_as-presented_10-Q_2022-11-04_0000318154-22-000055.xlsx,Balance Sheet,"September 30, 2022 (Unaudited) ASSETS",Cash and cash equivalents,us-gaap:CashAndCashEquivalentsAtCarryingValue,reported,
balance_sheet,us-gaap:AvailableForSaleSecuritiesDebtSecuritiesCurrent,Marketable securities,3Q22,1976.0,AMGN_SEC-XBRL-financials_as-presented_10-Q_2022-11-04_0000318154-22-000055.xlsx,Balance Sheet,"September 30, 2022 (Unaudited) ASSETS",Marketable securities,us-gaap:AvailableForSaleSecuritiesDebtSecuritiesCurrent,reported,
balance_sheet,us-gaap:AccountsReceivableNetCurrent,"Trade receivables, net",3Q22,5326.0,AMGN_SEC-XBRL-financials_as-presented_10-Q_2022-11-04_0000318154-22-000055.xlsx,Balance Sheet,"September 30, 2022 (Unaudited) ASSETS","Trade receivables, net",us-gaap:AccountsReceivableNetCurrent,reported,
balance_sheet,us-gaap:InventoryNet,Inventories,3Q22,4757.0,AMGN_SEC-XBRL-financials_as-presented_10-Q_2022-11-04_0000318154-22-000055.xlsx,Balance Sheet,"September 30, 2022 (Unaudited) ASSETS",Inventories,us-gaap:InventoryNet,reported,
balance_sheet,us-gaap:OtherAssetsCurrent,Other current assets,3Q22,2501.0,AMGN_SEC-XBRL-financials_as-presented_10-Q_2022-11-04_0000318154-22-000055.xlsx,Balance Sheet,"September 30, 2022 (Unaudited) ASSETS",Other current assets,us-gaap:OtherAssetsCurrent,reported,
balance_sheet,us-gaap:AssetsCurrent,Total current assets,3Q22,24062.0,AMGN_SEC-XBRL-financials_as-presented_10-Q_2022-11-04_0000318154-22-000055.xlsx,Balance Sheet,"September 30, 2022 (Unaudited) ASSETS",Total current assets,us-gaap:AssetsCurrent,reported,
balance_sheet,us-gaap:PropertyPlantAndEquipmentNet,"Property, plant and equipment, net",3Q22,5188.0,AMGN_SEC-XBRL-financials_as-presented_10-Q_2022-11-04_0000318154-22-000055.xlsx,Balance Sheet,"September 30, 2022 (Unaudited) ASSETS","Property, plant and equipment, net",us-gaap:PropertyPlantAndEquipmentNet,reported,
balance_sheet,us-gaap:IntangibleAssetsNetExcludingGoodwill,"Intangible assets, net",3Q22,13266.0,AMGN_SEC-XBRL-financials_as-presented_10-Q_2022-11-04_0000318154-22-000055.xlsx,Balance Sheet,"September 30, 2022 (Unaudited) ASSETS","Intangible assets, net",us-gaap:IntangibleAssetsNetExcludingGoodwill,reported,
balance_sheet,us-gaap:Goodwill,Goodwill,3Q22,14845.0,AMGN_SEC-XBRL-financials_as-presented_10-Q_2022-11-04_0000318154-22-000055.xlsx,Balance Sheet,"September 30, 2022 (Unaudited) ASSETS",Goodwill,us-gaap:Goodwill,reported,
balance_sheet,us-gaap:OtherAssetsNoncurrent,Other assets,3Q22,6339.0,AMGN_SEC-XBRL-financials_as-presented_10-Q_2022-11-04_0000318154-22-000055.xlsx,Balance Sheet,"September 30, 2022 (Unaudited) ASSETS",Other noncurrent assets,us-gaap:OtherAssetsNoncurrent,reported,
balance_sheet,us-gaap:Assets,Total assets,3Q22,63700.0,AMGN_SEC-XBRL-financials_as-presented_10-Q_2022-11-04_0000318154-22-000055.xlsx,Balance Sheet,"September 30, 2022 (Unaudited) ASSETS",Total assets,us-gaap:Assets,reported,
balance_sheet,us-gaap:AccountsPayableCurrent,Accounts payable,3Q22,1204.0,AMGN_SEC-XBRL-financials_as-presented_10-Q_2022-11-04_0000318154-22-000055.xlsx,Balance Sheet,"September 30, 2022 (Unaudited) ASSETS",Accounts payable,us-gaap:AccountsPayableCurrent,reported,
balance_sheet,us-gaap:AccruedLiabilitiesCurrent,Accrued liabilities,3Q22,11584.0,AMGN_SEC-XBRL-financials_as-presented_10-Q_2022-11-04_0000318154-22-000055.xlsx,Balance Sheet,"September 30, 2022 (Unaudited) ASSETS",Accrued liabilities,us-gaap:AccruedLiabilitiesCurrent,reported,
balance_sheet,us-gaap:LongTermDebtCurrent,Current portion of long-term debt,3Q22,1543.0,AMGN_SEC-XBRL-financials_as-presented_10-Q_2022-11-04_0000318154-22-000055.xlsx,Balance Sheet,"September 30, 2022 (Unaudited) ASSETS",Current portion of long-term debt,us-gaap:LongTermDebtCurrent,reported,
balance_sheet,us-gaap:LiabilitiesCurrent,Total current liabilities,3Q22,14331.0,AMGN_SEC-XBRL-financials_as-presented_10-Q_2022-11-04_0000318154-22-000055.xlsx,Balance Sheet,"September 30, 2022 (Unaudited) ASSETS",Total current liabilities,us-gaap:LiabilitiesCurrent,reported,
balance_sheet,us-gaap:LongTermDebtNoncurrent,Long-term debt,3Q22,37161.0,AMGN_SEC-XBRL-financials_as-presented_10-Q_2022-11-04_0000318154-22-000055.xlsx,Balance Sheet,"September 30, 2022 (Unaudited) ASSETS",Long-term debt,us-gaap:LongTermDebtNoncurrent,reported,
balance_sheet,us-gaap:LiabilityForUncertainTaxPositionsNoncurrent,Long-term tax liabilities,3Q22,5680.0,AMGN_SEC-XBRL-financials_as-presented_10-Q_2022-11-04_0000318154-22-000055.xlsx,Balance Sheet,"September 30, 2022 (Unaudited) ASSETS",Long-term tax liabilities,us-gaap:LiabilityForUncertainTaxPositionsNoncurrent,reported,
balance_sheet,us-gaap:OtherLiabilitiesNoncurrent,Other noncurrent liabilities,3Q22,2875.0,AMGN_SEC-XBRL-financials_as-presented_10-Q_2022-11-04_0000318154-22-000055.xlsx,Balance Sheet,"September 30, 2022 (Unaudited) ASSETS",Other noncurrent liabilities,us-gaap:OtherLiabilitiesNoncurrent,reported,
balance_sheet,us-gaap:CommonStockParOrStatedValuePerShare,"Common stock and additional paid-in capital; $0.0001 par value; 2,750.0 shares authorized; outstanding — 583.5 shares in 2020 and 591.4 shares in 2019",3Q22,32371.0,AMGN_SEC-XBRL-financials_as-presented_10-Q_2022-11-04_0000318154-22-000055.xlsx,Balance Sheet,"September 30, 2022 (Unaudited) ASSETS","Common stock and additional paid-in capital; $0.0001 par value; 2,750.0 shares authorized; outstanding—533.5 shares in 2022 and 558.3 shares in 2021",us-gaap:CommonStockParOrStatedValuePerShare,reported,
balance_sheet,us-gaap:RetainedEarningsAccumulatedDeficit,Accumulated deficit,3Q22,-28066.0,AMGN_SEC-XBRL-financials_as-presented_10-Q_2022-11-04_0000318154-22-000055.xlsx,Balance Sheet,"September 30, 2022 (Unaudited) ASSETS",Accumulated deficit,us-gaap:RetainedEarningsAccumulatedDeficit,reported,
balance_sheet,us-gaap:AccumulatedOtherComprehensiveIncomeLossNetOfTax,Accumulated other comprehensive loss,3Q22,-652.0,AMGN_SEC-XBRL-financials_as-presented_10-Q_2022-11-04_0000318154-22-000055.xlsx,Balance Sheet,"September 30, 2022 (Unaudited) ASSETS",Accumulated other comprehensive loss,us-gaap:AccumulatedOtherComprehensiveIncomeLossNetOfTax,reported,
balance_sheet,us-gaap:StockholdersEquity,Total stockholders’ equity,3Q22,3653.0,AMGN_SEC-XBRL-financials_as-presented_10-Q_2022-11-04_0000318154-22-000055.xlsx,Balance Sheet,"September 30, 2022 (Unaudited) ASSETS",Total stockholders’ equity,us-gaap:StockholdersEquity,reported,
balance_sheet,us-gaap:LiabilitiesAndStockholdersEquity,Total liabilities and stockholders’ equity,3Q22,63700.0,AMGN_SEC-XBRL-financials_as-presented_10-Q_2022-11-04_0000318154-22-000055.xlsx,Balance Sheet,"September 30, 2022 (Unaudited) ASSETS",Total liabilities and stockholders’ equity,us-gaap:LiabilitiesAndStockholdersEquity,reported,
balance_sheet,us-gaap:CashAndCashEquivalentsAtCarryingValue,Cash and cash equivalents,1Q23,31560.0,AMGN_SEC-XBRL-financials_as-presented_10-Q_2023-04-28_0000318154-23-000029.xlsx,Balance Sheet,"March 31, 2023 (Unaudited) ASSETS",Cash and cash equivalents,us-gaap:CashAndCashEquivalentsAtCarryingValue,reported,
balance_sheet,us-gaap:AvailableForSaleSecuritiesDebtSecuritiesCurrent,Marketable securities,1Q23,1.0,AMGN_SEC-XBRL-financials_as-presented_10-Q_2023-04-28_0000318154-23-000029.xlsx,Balance Sheet,"March 31, 2023 (Unaudited) ASSETS",Marketable securities,us-gaap:AvailableForSaleSecuritiesDebtSecuritiesCurrent,reported,
balance_sheet,us-gaap:AccountsReceivableNetCurrent,"Trade receivables, net",1Q23,5736.0,AMGN_SEC-XBRL-financials_as-presented_10-Q_2023-04-28_0000318154-23-000029.xlsx,Balance Sheet,"March 31, 2023 (Unaudited) ASSETS","Trade receivables, net",us-gaap:AccountsReceivableNetCurrent,reported,
balance_sheet,us-gaap:InventoryNet,Inventories,1Q23,5011.0,AMGN_SEC-XBRL-financials_as-presented_10-Q_2023-04-28_0000318154-23-000029.xlsx,Balance Sheet,"March 31, 2023 (Unaudited) ASSETS",Inventories,us-gaap:InventoryNet,reported,
balance_sheet,us-gaap:OtherAssetsCurrent,Other current assets,1Q23,2395.0,AMGN_SEC-XBRL-financials_as-presented_10-Q_2023-04-28_0000318154-23-000029.xlsx,Balance Sheet,"March 31, 2023 (Unaudited) ASSETS",Other current assets,us-gaap:OtherAssetsCurrent,reported,
balance_sheet,us-gaap:AssetsCurrent,Total current assets,1Q23,44703.0,AMGN_SEC-XBRL-financials_as-presented_10-Q_2023-04-28_0000318154-23-000029.xlsx,Balance Sheet,"March 31, 2023 (Unaudited) ASSETS",Total current assets,us-gaap:AssetsCurrent,reported,
balance_sheet,us-gaap:PropertyPlantAndEquipmentNet,"Property, plant and equipment, net",1Q23,5460.0,AMGN_SEC-XBRL-financials_as-presented_10-Q_2023-04-28_0000318154-23-000029.xlsx,Balance Sheet,"March 31, 2023 (Unaudited) ASSETS","Property, plant and equipment, net",us-gaap:PropertyPlantAndEquipmentNet,reported,
balance_sheet,us-gaap:IntangibleAssetsNetExcludingGoodwill,"Intangible assets, net",1Q23,15393.0,AMGN_SEC-XBRL-financials_as-presented_10-Q_2023-04-28_0000318154-23-000029.xlsx,Balance Sheet,"March 31, 2023 (Unaudited) ASSETS","Intangible assets, net",us-gaap:IntangibleAssetsNetExcludingGoodwill,reported,
balance_sheet,us-gaap:Goodwill,Goodwill,1Q23,15531.0,AMGN_SEC-XBRL-financials_as-presented_10-Q_2023-04-28_0000318154-23-000029.xlsx,Balance Sheet,"March 31, 2023 (Unaudited) ASSETS",Goodwill,us-gaap:Goodwill,reported,
balance_sheet,us-gaap:OtherAssetsNoncurrent,Other assets,1Q23,7633.0,AMGN_SEC-XBRL-financials_as-presented_10-Q_2023-04-28_0000318154-23-000029.xlsx,Balance Sheet,"March 31, 2023 (Unaudited) ASSETS",Other noncurrent assets,us-gaap:OtherAssetsNoncurrent,reported,
balance_sheet,us-gaap:Assets,Total assets,1Q23,88720.0,AMGN_SEC-XBRL-financials_as-presented_10-Q_2023-04-28_0000318154-23-000029.xlsx,Balance Sheet,"March 31, 2023 (Unaudited) ASSETS",Total assets,us-gaap:Assets,reported,
balance_sheet,us-gaap:AccountsPayableCurrent,Accounts payable,1Q23,1320.0,AMGN_SEC-XBRL-financials_as-presented_10-Q_2023-04-28_0000318154-23-000029.xlsx,Balance Sheet,"March 31, 2023 (Unaudited) ASSETS",Accounts payable,us-gaap:AccountsPayableCurrent,reported,
balance_sheet,us-gaap:AccruedLiabilitiesCurrent,Accrued liabilities,1Q23,12061.0,AMGN_SEC-XBRL-financials_as-presented_10-Q_2023-04-28_0000318154-23-000029.xlsx,Balance Sheet,"March 31, 2023 (Unaudited) ASSETS",Accrued liabilities,us-gaap:AccruedLiabilitiesCurrent,reported,
balance_sheet,us-gaap:LongTermDebtCurrent,Current portion of long-term debt,1Q23,834.0,AMGN_SEC-XBRL-financials_as-presented_10-Q_2023-04-28_0000318154-23-000029.xlsx,Balance Sheet,"March 31, 2023 (Unaudited) ASSETS",Current portion of long-term debt,us-gaap:LongTermDebtCurrent,reported,
balance_sheet,us-gaap:LiabilitiesCurrent,Total current liabilities,1Q23,14215.0,AMGN_SEC-XBRL-financials_as-presented_10-Q_2023-04-28_0000318154-23-000029.xlsx,Balance Sheet,"March 31, 2023 (Unaudited) ASSETS",Total current liabilities,us-gaap:LiabilitiesCurrent,reported,
balance_sheet,us-gaap:LongTermDebtNoncurrent,Long-term debt,1Q23,60761.0,AMGN_SEC-XBRL-financials_as-presented_10-Q_2023-04-28_0000318154-23-000029.xlsx,Balance Sheet,"March 31, 2023 (Unaudited) ASSETS",Long-term debt,us-gaap:LongTermDebtNoncurrent,reported,
balance_sheet,us-gaap:LiabilityForUncertainTaxPositionsNoncurrent,Long-term tax liabilities,1Q23,5864.0,AMGN_SEC-XBRL-financials_as-presented_10-Q_2023-04-28_0000318154-23-000029.xlsx,Balance Sheet,"March 31, 2023 (Unaudited) ASSETS",Long-term tax liabilities,us-gaap:LiabilityForUncertainTaxPositionsNoncurrent,reported,
balance_sheet,us-gaap:OtherLiabilitiesNoncurrent,Other noncurrent liabilities,1Q23,2532.0,AMGN_SEC-XBRL-financials_as-presented_10-Q_2023-04-28_0000318154-23-000029.xlsx,Balance Sheet,"March 31, 2023 (Unaudited) ASSETS",Other noncurrent liabilities,us-gaap:OtherLiabilitiesNoncurrent,reported,
balance_sheet,us-gaap:CommonStockParOrStatedValuePerShare,"Common stock and additional paid-in capital; $0.0001 par value; 2,750.0 shares authorized; outstanding — 583.5 shares in 2020 and 591.4 shares in 2019",1Q23,32535.0,AMGN_SEC-XBRL-financials_as-presented_10-Q_2023-04-28_0000318154-23-000029.xlsx,Balance Sheet,"March 31, 2023 (Unaudited) ASSETS","Common stock and additional paid-in capital; $0.0001 par value; 2,750.0 shares authorized; outstanding—534.3 shares in 2023 and 534.0 shares in 2022",us-gaap:CommonStockParOrStatedValuePerShare,reported,
balance_sheet,us-gaap:RetainedEarningsAccumulatedDeficit,Accumulated deficit,1Q23,-26919.0,AMGN_SEC-XBRL-financials_as-presented_10-Q_2023-04-28_0000318154-23-000029.xlsx,Balance Sheet,"March 31, 2023 (Unaudited) ASSETS",Accumulated deficit,us-gaap:RetainedEarningsAccumulatedDeficit,reported,
balance_sheet,us-gaap:AccumulatedOtherComprehensiveIncomeLossNetOfTax,Accumulated other comprehensive loss,1Q23,-268.0,AMGN_SEC-XBRL-financials_as-presented_10-Q_2023-04-28_0000318154-23-000029.xlsx,Balance Sheet,"March 31, 2023 (Unaudited) ASSETS",Accumulated other comprehensive loss,us-gaap:AccumulatedOtherComprehensiveIncomeLossNetOfTax,reported,
balance_sheet,us-gaap:StockholdersEquity,Total stockholders’ equity,1Q23,5348.0,AMGN_SEC-XBRL-financials_as-presented_10-Q_2023-04-28_0000318154-23-000029.xlsx,Balance Sheet,"March 31, 2023 (Unaudited) ASSETS",Total stockholders’ equity,us-gaap:StockholdersEquity,reported,
balance_sheet,us-gaap:LiabilitiesAndStockholdersEquity,Total liabilities and stockholders’ equity,1Q23,88720.0,AMGN_SEC-XBRL-financials_as-presented_10-Q_2023-04-28_0000318154-23-000029.xlsx,Balance Sheet,"March 31, 2023 (Unaudited) ASSETS",Total liabilities and stockholders’ equity,us-gaap:LiabilitiesAndStockholdersEquity,reported,
balance_sheet,us-gaap:CashAndCashEquivalentsAtCarryingValue,Cash and cash equivalents,2Q23,34248.0,AMGN_SEC-XBRL-financials_as-presented_10-Q_2023-08-04_0000318154-23-000053.xlsx,Balance Sheet,"June 30, 2023 (Unaudited) ASSETS",Cash and cash equivalents,us-gaap:CashAndCashEquivalentsAtCarryingValue,reported,
balance_sheet,us-gaap:AccountsReceivableNetCurrent,"Trade receivables, net",2Q23,5830.0,AMGN_SEC-XBRL-financials_as-presented_10-Q_2023-08-04_0000318154-23-000053.xlsx,Balance Sheet,"June 30, 2023 (Unaudited) ASSETS","Trade receivables, net",us-gaap:AccountsReceivableNetCurrent,reported,
balance_sheet,us-gaap:InventoryNet,Inventories,2Q23,4978.0,AMGN_SEC-XBRL-financials_as-presented_10-Q_2023-08-04_0000318154-23-000053.xlsx,Balance Sheet,"June 30, 2023 (Unaudited) ASSETS",Inventories,us-gaap:InventoryNet,reported,
balance_sheet,us-gaap:OtherAssetsCurrent,Other current assets,2Q23,2324.0,AMGN_SEC-XBRL-financials_as-presented_10-Q_2023-08-04_0000318154-23-000053.xlsx,Balance Sheet,"June 30, 2023 (Unaudited) ASSETS",Other current assets,us-gaap:OtherAssetsCurrent,reported,
balance_sheet,us-gaap:AssetsCurrent,Total current assets,2Q23,47380.0,AMGN_SEC-XBRL-financials_as-presented_10-Q_2023-08-04_0000318154-23-000053.xlsx,Balance Sheet,"June 30, 2023 (Unaudited) ASSETS",Total current assets,us-gaap:AssetsCurrent,reported,
balance_sheet,us-gaap:PropertyPlantAndEquipmentNet,"Property, plant and equipment, net",2Q23,5532.0,AMGN_SEC-XBRL-financials_as-presented_10-Q_2023-08-04_0000318154-23-000053.xlsx,Balance Sheet,"June 30, 2023 (Unaudited) ASSETS","Property, plant and equipment, net",us-gaap:PropertyPlantAndEquipmentNet,reported,
balance_sheet,us-gaap:IntangibleAssetsNetExcludingGoodwill,"Intangible assets, net",2Q23,14633.0,AMGN_SEC-XBRL-financials_as-presented_10-Q_2023-08-04_0000318154-23-000053.xlsx,Balance Sheet,"June 30, 2023 (Unaudited) ASSETS","Intangible assets, net",us-gaap:IntangibleAssetsNetExcludingGoodwill,reported,
balance_sheet,us-gaap:Goodwill,Goodwill,2Q23,15531.0,AMGN_SEC-XBRL-financials_as-presented_10-Q_2023-08-04_0000318154-23-000053.xlsx,Balance Sheet,"June 30, 2023 (Unaudited) ASSETS",Goodwill,us-gaap:Goodwill,reported,
balance_sheet,us-gaap:OtherAssetsNoncurrent,Other assets,2Q23,7193.0,AMGN_SEC-XBRL-financials_as-presented_10-Q_2023-08-04_0000318154-23-000053.xlsx,Balance Sheet,"June 30, 2023 (Unaudited) ASSETS",Other noncurrent assets,us-gaap:OtherAssetsNoncurrent,reported,
balance_sheet,us-gaap:Assets,Total assets,2Q23,90269.0,AMGN_SEC-XBRL-financials_as-presented_10-Q_2023-08-04_0000318154-23-000053.xlsx,Balance Sheet,"June 30, 2023 (Unaudited) ASSETS",Total assets,us-gaap:Assets,reported,
balance_sheet,us-gaap:AccountsPayableCurrent,Accounts payable,2Q23,1212.0,AMGN_SEC-XBRL-financials_as-presented_10-Q_2023-08-04_0000318154-23-000053.xlsx,Balance Sheet,"June 30, 2023 (Unaudited) ASSETS",Accounts payable,us-gaap:AccountsPayableCurrent,reported,
balance_sheet,us-gaap:AccruedLiabilitiesCurrent,Accrued liabilities,2Q23,13718.0,AMGN_SEC-XBRL-financials_as-presented_10-Q_2023-08-04_0000318154-23-000053.xlsx,Balance Sheet,"June 30, 2023 (Unaudited) ASSETS",Accrued liabilities,us-gaap:AccruedLiabilitiesCurrent,reported,
balance_sheet,us-gaap:LongTermDebtCurrent,Current portion of long-term debt,2Q23,2167.0,AMGN_SEC-XBRL-financials_as-presented_10-Q_2023-08-04_0000318154-23-000053.xlsx,Balance Sheet,"June 30, 2023 (Unaudited) ASSETS",Current portion of long-term debt,us-gaap:LongTermDebtCurrent,reported,
balance_sheet,us-gaap:LiabilitiesCurrent,Total current liabilities,2Q23,17097.0,AMGN_SEC-XBRL-financials_as-presented_10-Q_2023-08-04_0000318154-23-000053.xlsx,Balance Sheet,"June 30, 2023 (Unaudited) ASSETS",Total current liabilities,us-gaap:LiabilitiesCurrent,reported,
balance_sheet,us-gaap:LongTermDebtNoncurrent,Long-term debt,2Q23,59377.0,AMGN_SEC-XBRL-financials_as-presented_10-Q_2023-08-04_0000318154-23-000053.xlsx,Balance Sheet,"June 30, 2023 (Unaudited) ASSETS",Long-term debt,us-gaap:LongTermDebtNoncurrent,reported,
balance_sheet,us-gaap:LiabilityForUncertainTaxPositionsNoncurrent,Long-term tax liabilities,2Q23,4478.0,AMGN_SEC-XBRL-financials_as-presented_10-Q_2023-08-04_0000318154-23-000053.xlsx,Balance Sheet,"June 30, 2023 (Unaudited) ASSETS",Long-term tax liabilities,us-gaap:LiabilityForUncertainTaxPositionsNoncurrent,reported,
balance_sheet,us-gaap:OtherLiabilitiesNoncurrent,Other noncurrent liabilities,2Q23,2536.0,AMGN_SEC-XBRL-financials_as-presented_10-Q_2023-08-04_0000318154-23-000053.xlsx,Balance Sheet,"June 30, 2023 (Unaudited) ASSETS",Other noncurrent liabilities,us-gaap:OtherLiabilitiesNoncurrent,reported,
balance_sheet,us-gaap:CommonStockParOrStatedValuePerShare,"Common stock and additional paid-in capital; $0.0001 par value; 2,750.0 shares authorized; outstanding — 583.5 shares in 2020 and 591.4 shares in 2019",2Q23,32601.0,AMGN_SEC-XBRL-financials_as-presented_10-Q_2023-08-04_0000318154-23-000053.xlsx,Balance Sheet,"June 30, 2023 (Unaudited) ASSETS","Common stock and additional paid-in capital; $0.0001 par value; 2,750.0 shares authorized; outstanding—534.9 shares in 2023 and 534.0 shares in 2022",us-gaap:CommonStockParOrStatedValuePerShare,reported,
balance_sheet,us-gaap:RetainedEarningsAccumulatedDeficit,Accumulated deficit,2Q23,-25540.0,AMGN_SEC-XBRL-financials_as-presented_10-Q_2023-08-04_0000318154-23-000053.xlsx,Balance Sheet,"June 30, 2023 (Unaudited) ASSETS",Accumulated deficit,us-gaap:RetainedEarningsAccumulatedDeficit,reported,
balance_sheet,us-gaap:AccumulatedOtherComprehensiveIncomeLossNetOfTax,Accumulated other comprehensive loss,2Q23,-280.0,AMGN_SEC-XBRL-financials_as-presented_10-Q_2023-08-04_0000318154-23-000053.xlsx,Balance Sheet,"June 30, 2023 (Unaudited) ASSETS",Accumulated other comprehensive loss,us-gaap:AccumulatedOtherComprehensiveIncomeLossNetOfTax,reported,
balance_sheet,us-gaap:StockholdersEquity,Total stockholders’ equity,2Q23,6781.0,AMGN_SEC-XBRL-financials_as-presented_10-Q_2023-08-04_0000318154-23-000053.xlsx,Balance Sheet,"June 30, 2023 (Unaudited) ASSETS",Total stockholders’ equity,us-gaap:StockholdersEquity,reported,
balance_sheet,us-gaap:LiabilitiesAndStockholdersEquity,Total liabilities and stockholders’ equity,2Q23,90269.0,AMGN_SEC-XBRL-financials_as-presented_10-Q_2023-08-04_0000318154-23-000053.xlsx,Balance Sheet,"June 30, 2023 (Unaudited) ASSETS",Total liabilities and stockholders’ equity,us-gaap:LiabilitiesAndStockholdersEquity,reported,
balance_sheet,us-gaap:CashAndCashEquivalentsAtCarryingValue,Cash and cash equivalents,3Q23,34741.0,AMGN_SEC-XBRL-financials_as-presented_10-Q_2023-10-31_0000318154-23-000064.xlsx,Balance Sheet,"September 30, 2023 (Unaudited) ASSETS",Cash and cash equivalents,us-gaap:CashAndCashEquivalentsAtCarryingValue,reported,
balance_sheet,us-gaap:AccountsReceivableNetCurrent,"Trade receivables, net",3Q23,6145.0,AMGN_SEC-XBRL-financials_as-presented_10-Q_2023-10-31_0000318154-23-000064.xlsx,Balance Sheet,"September 30, 2023 (Unaudited) ASSETS","Trade receivables, net",us-gaap:AccountsReceivableNetCurrent,reported,
balance_sheet,us-gaap:InventoryNet,Inventories,3Q23,5026.0,AMGN_SEC-XBRL-financials_as-presented_10-Q_2023-10-31_0000318154-23-000064.xlsx,Balance Sheet,"September 30, 2023 (Unaudited) ASSETS",Inventories,us-gaap:InventoryNet,reported,
balance_sheet,us-gaap:OtherAssetsCurrent,Other current assets,3Q23,2565.0,AMGN_SEC-XBRL-financials_as-presented_10-Q_2023-10-31_0000318154-23-000064.xlsx,Balance Sheet,"September 30, 2023 (Unaudited) ASSETS",Other current assets,us-gaap:OtherAssetsCurrent,reported,
balance_sheet,us-gaap:AssetsCurrent,Total current assets,3Q23,48477.0,AMGN_SEC-XBRL-financials_as-presented_10-Q_2023-10-31_0000318154-23-000064.xlsx,Balance Sheet,"September 30, 2023 (Unaudited) ASSETS",Total current assets,us-gaap:AssetsCurrent,reported,
balance_sheet,us-gaap:PropertyPlantAndEquipmentNet,"Property, plant and equipment, net",3Q23,5563.0,AMGN_SEC-XBRL-financials_as-presented_10-Q_2023-10-31_0000318154-23-000064.xlsx,Balance Sheet,"September 30, 2023 (Unaudited) ASSETS","Property, plant and equipment, net",us-gaap:PropertyPlantAndEquipmentNet,reported,
balance_sheet,us-gaap:IntangibleAssetsNetExcludingGoodwill,"Intangible assets, net",3Q23,13150.0,AMGN_SEC-XBRL-financials_as-presented_10-Q_2023-10-31_0000318154-23-000064.xlsx,Balance Sheet,"September 30, 2023 (Unaudited) ASSETS","Intangible assets, net",us-gaap:IntangibleAssetsNetExcludingGoodwill,reported,
balance_sheet,us-gaap:Goodwill,Goodwill,3Q23,15509.0,AMGN_SEC-XBRL-financials_as-presented_10-Q_2023-10-31_0000318154-23-000064.xlsx,Balance Sheet,"September 30, 2023 (Unaudited) ASSETS",Goodwill,us-gaap:Goodwill,reported,
balance_sheet,us-gaap:OtherAssetsNoncurrent,Other assets,3Q23,7835.0,AMGN_SEC-XBRL-financials_as-presented_10-Q_2023-10-31_0000318154-23-000064.xlsx,Balance Sheet,"September 30, 2023 (Unaudited) ASSETS",Other noncurrent assets,us-gaap:OtherAssetsNoncurrent,reported,
balance_sheet,us-gaap:Assets,Total assets,3Q23,90534.0,AMGN_SEC-XBRL-financials_as-presented_10-Q_2023-10-31_0000318154-23-000064.xlsx,Balance Sheet,"September 30, 2023 (Unaudited) ASSETS",Total assets,us-gaap:Assets,reported,
balance_sheet,us-gaap:AccountsPayableCurrent,Accounts payable,3Q23,1358.0,AMGN_SEC-XBRL-financials_as-presented_10-Q_2023-10-31_0000318154-23-000064.xlsx,Balance Sheet,"September 30, 2023 (Unaudited) ASSETS",Accounts payable,us-gaap:AccountsPayableCurrent,reported,
balance_sheet,us-gaap:AccruedLiabilitiesCurrent,Accrued liabilities,3Q23,14168.0,AMGN_SEC-XBRL-financials_as-presented_10-Q_2023-10-31_0000318154-23-000064.xlsx,Balance Sheet,"September 30, 2023 (Unaudited) ASSETS",Accrued liabilities,us-gaap:AccruedLiabilitiesCurrent,reported,
balance_sheet,us-gaap:LongTermDebtCurrent,Current portion of long-term debt,3Q23,1428.0,AMGN_SEC-XBRL-financials_as-presented_10-Q_2023-10-31_0000318154-23-000064.xlsx,Balance Sheet,"September 30, 2023 (Unaudited) ASSETS",Current portion of long-term debt,us-gaap:LongTermDebtCurrent,reported,
balance_sheet,us-gaap:LiabilitiesCurrent,Total current liabilities,3Q23,16954.0,AMGN_SEC-XBRL-financials_as-presented_10-Q_2023-10-31_0000318154-23-000064.xlsx,Balance Sheet,"September 30, 2023 (Unaudited) ASSETS",Total current liabilities,us-gaap:LiabilitiesCurrent,reported,
balance_sheet,us-gaap:LongTermDebtNoncurrent,Long-term debt,3Q23,59040.0,AMGN_SEC-XBRL-financials_as-presented_10-Q_2023-10-31_0000318154-23-000064.xlsx,Balance Sheet,"September 30, 2023 (Unaudited) ASSETS",Long-term debt,us-gaap:LongTermDebtNoncurrent,reported,
balance_sheet,us-gaap:LiabilityForUncertainTaxPositionsNoncurrent,Long-term tax liabilities,3Q23,4579.0,AMGN_SEC-XBRL-financials_as-presented_10-Q_2023-10-31_0000318154-23-000064.xlsx,Balance Sheet,"September 30, 2023 (Unaudited) ASSETS",Long-term tax liabilities,us-gaap:LiabilityForUncertainTaxPositionsNoncurrent,reported,
balance_sheet,us-gaap:OtherLiabilitiesNoncurrent,Other noncurrent liabilities,3Q23,2305.0,AMGN_SEC-XBRL-financials_as-presented_10-Q_2023-10-31_0000318154-23-000064.xlsx,Balance Sheet,"September 30, 2023 (Unaudited) ASSETS",Other noncurrent liabilities,us-gaap:OtherLiabilitiesNoncurrent,reported,
balance_sheet,us-gaap:CommonStockParOrStatedValuePerShare,"Common stock and additional paid-in capital; $0.0001 par value; 2,750.0 shares authorized; outstanding — 583.5 shares in 2020 and 591.4 shares in 2019",3Q23,32753.0,AMGN_SEC-XBRL-financials_as-presented_10-Q_2023-10-31_0000318154-23-000064.xlsx,Balance Sheet,"September 30, 2023 (Unaudited) ASSETS","Common stock and additional paid-in capital; $0.0001 par value; 2,750.0 shares authorized; outstanding—535.1 shares in 2023 and 534.0 shares in 2022",us-gaap:CommonStockParOrStatedValuePerShare,reported,
balance_sheet,us-gaap:RetainedEarningsAccumulatedDeficit,Accumulated deficit,3Q23,-24971.0,AMGN_SEC-XBRL-financials_as-presented_10-Q_2023-10-31_0000318154-23-000064.xlsx,Balance Sheet,"September 30, 2023 (Unaudited) ASSETS",Accumulated deficit,us-gaap:RetainedEarningsAccumulatedDeficit,reported,
balance_sheet,us-gaap:AccumulatedOtherComprehensiveIncomeLossNetOfTax,Accumulated other comprehensive loss,3Q23,-126.0,AMGN_SEC-XBRL-financials_as-presented_10-Q_2023-10-31_0000318154-23-000064.xlsx,Balance Sheet,"September 30, 2023 (Unaudited) ASSETS",Accumulated other comprehensive loss,us-gaap:AccumulatedOtherComprehensiveIncomeLossNetOfTax,reported,
balance_sheet,us-gaap:StockholdersEquity,Total stockholders’ equity,3Q23,7656.0,AMGN_SEC-XBRL-financials_as-presented_10-Q_2023-10-31_0000318154-23-000064.xlsx,Balance Sheet,"September 30, 2023 (Unaudited) ASSETS",Total stockholders’ equity,us-gaap:StockholdersEquity,reported,
balance_sheet,us-gaap:LiabilitiesAndStockholdersEquity,Total liabilities and stockholders’ equity,3Q23,90534.0,AMGN_SEC-XBRL-financials_as-presented_10-Q_2023-10-31_0000318154-23-000064.xlsx,Balance Sheet,"September 30, 2023 (Unaudited) ASSETS",Total liabilities and stockholders’ equity,us-gaap:LiabilitiesAndStockholdersEquity,reported,
balance_sheet,us-gaap:CashAndCashEquivalentsAtCarryingValue,Cash and cash equivalents,1Q24,9708.0,AMGN_SEC-XBRL-financials_as-presented_10-Q_2024-05-03_0000318154-24-000020.xlsx,Balance Sheet,"March 31, 2024 (Unaudited) ASSETS",Cash and cash equivalents,us-gaap:CashAndCashEquivalentsAtCarryingValue,reported,
balance_sheet,us-gaap:AccountsReceivableNetCurrent,"Trade receivables, net",1Q24,6776.0,AMGN_SEC-XBRL-financials_as-presented_10-Q_2024-05-03_0000318154-24-000020.xlsx,Balance Sheet,"March 31, 2024 (Unaudited) ASSETS","Trade receivables, net",us-gaap:AccountsReceivableNetCurrent,reported,
balance_sheet,us-gaap:InventoryNet,Inventories,1Q24,8724.0,AMGN_SEC-XBRL-financials_as-presented_10-Q_2024-05-03_0000318154-24-000020.xlsx,Balance Sheet,"March 31, 2024 (Unaudited) ASSETS",Inventories,us-gaap:InventoryNet,reported,
balance_sheet,us-gaap:OtherAssetsCurrent,Other current assets,1Q24,2821.0,AMGN_SEC-XBRL-financials_as-presented_10-Q_2024-05-03_0000318154-24-000020.xlsx,Balance Sheet,"March 31, 2024 (Unaudited) ASSETS",Other current assets,us-gaap:OtherAssetsCurrent,reported,
balance_sheet,us-gaap:AssetsCurrent,Total current assets,1Q24,28029.0,AMGN_SEC-XBRL-financials_as-presented_10-Q_2024-05-03_0000318154-24-000020.xlsx,Balance Sheet,"March 31, 2024 (Unaudited) ASSETS",Total current assets,us-gaap:AssetsCurrent,reported,
balance_sheet,us-gaap:PropertyPlantAndEquipmentNet,"Property, plant and equipment, net",1Q24,6002.0,AMGN_SEC-XBRL-financials_as-presented_10-Q_2024-05-03_0000318154-24-000020.xlsx,Balance Sheet,"March 31, 2024 (Unaudited) ASSETS","Property, plant and equipment, net",us-gaap:PropertyPlantAndEquipmentNet,reported,
balance_sheet,us-gaap:IntangibleAssetsNetExcludingGoodwill,"Intangible assets, net",1Q24,31372.0,AMGN_SEC-XBRL-financials_as-presented_10-Q_2024-05-03_0000318154-24-000020.xlsx,Balance Sheet,"March 31, 2024 (Unaudited) ASSETS","Intangible assets, net",us-gaap:IntangibleAssetsNetExcludingGoodwill,reported,
balance_sheet,us-gaap:Goodwill,Goodwill,1Q24,18570.0,AMGN_SEC-XBRL-financials_as-presented_10-Q_2024-05-03_0000318154-24-000020.xlsx,Balance Sheet,"March 31, 2024 (Unaudited) ASSETS",Goodwill,us-gaap:Goodwill,reported,
balance_sheet,us-gaap:OtherAssetsNoncurrent,Other assets,1Q24,9007.0,AMGN_SEC-XBRL-financials_as-presented_10-Q_2024-05-03_0000318154-24-000020.xlsx,Balance Sheet,"March 31, 2024 (Unaudited) ASSETS",Other noncurrent assets,us-gaap:OtherAssetsNoncurrent,reported,
balance_sheet,us-gaap:Assets,Total assets,1Q24,92980.0,AMGN_SEC-XBRL-financials_as-presented_10-Q_2024-05-03_0000318154-24-000020.xlsx,Balance Sheet,"March 31, 2024 (Unaudited) ASSETS",Total assets,us-gaap:Assets,reported,
balance_sheet,us-gaap:AccountsPayableCurrent,Accounts payable,1Q24,1628.0,AMGN_SEC-XBRL-financials_as-presented_10-Q_2024-05-03_0000318154-24-000020.xlsx,Balance Sheet,"March 31, 2024 (Unaudited) ASSETS",Accounts payable,us-gaap:AccountsPayableCurrent,reported,
balance_sheet,us-gaap:AccruedLiabilitiesCurrent,Accrued liabilities,1Q24,14127.0,AMGN_SEC-XBRL-financials_as-presented_10-Q_2024-05-03_0000318154-24-000020.xlsx,Balance Sheet,"March 31, 2024 (Unaudited) ASSETS",Accrued liabilities,us-gaap:AccruedLiabilitiesCurrent,reported,
balance_sheet,us-gaap:LongTermDebtCurrent,Current portion of long-term debt,1Q24,3959.0,AMGN_SEC-XBRL-financials_as-presented_10-Q_2024-05-03_0000318154-24-000020.xlsx,Balance Sheet,"March 31, 2024 (Unaudited) ASSETS",Current portion of long-term debt,us-gaap:LongTermDebtCurrent,reported,
balance_sheet,us-gaap:LiabilitiesCurrent,Total current liabilities,1Q24,19714.0,AMGN_SEC-XBRL-financials_as-presented_10-Q_2024-05-03_0000318154-24-000020.xlsx,Balance Sheet,"March 31, 2024 (Unaudited) ASSETS",Total current liabilities,us-gaap:LiabilitiesCurrent,reported,
balance_sheet,us-gaap:LongTermDebtNoncurrent,Long-term debt,1Q24,60061.0,AMGN_SEC-XBRL-financials_as-presented_10-Q_2024-05-03_0000318154-24-000020.xlsx,Balance Sheet,"March 31, 2024 (Unaudited) ASSETS",Long-term debt,us-gaap:LongTermDebtNoncurrent,reported,
balance_sheet,us-gaap:DeferredIncomeTaxLiabilitiesNet,Long-term deferred tax liabilities,1Q24,1862.0,AMGN_SEC-XBRL-financials_as-presented_10-Q_2024-05-03_0000318154-24-000020.xlsx,Balance Sheet,"March 31, 2024 (Unaudited) ASSETS",Long-term deferred tax liabilities,us-gaap:DeferredIncomeTaxLiabilitiesNet,reported,
balance_sheet,us-gaap:LiabilityForUncertainTaxPositionsNoncurrent,Long-term tax liabilities,1Q24,3964.0,AMGN_SEC-XBRL-financials_as-presented_10-Q_2024-05-03_0000318154-24-000020.xlsx,Balance Sheet,"March 31, 2024 (Unaudited) ASSETS",Long-term tax liabilities,us-gaap:LiabilityForUncertainTaxPositionsNoncurrent,reported,
balance_sheet,us-gaap:OtherLiabilitiesNoncurrent,Other noncurrent liabilities,1Q24,2357.0,AMGN_SEC-XBRL-financials_as-presented_10-Q_2024-05-03_0000318154-24-000020.xlsx,Balance Sheet,"March 31, 2024 (Unaudited) ASSETS",Other noncurrent liabilities,us-gaap:OtherLiabilitiesNoncurrent,reported,
balance_sheet,us-gaap:CommonStockParOrStatedValuePerShare,"Common stock and additional paid-in capital; $0.0001 par value; 2,750.0 shares authorized; outstanding — 583.5 shares in 2020 and 591.4 shares in 2019",1Q24,33082.0,AMGN_SEC-XBRL-financials_as-presented_10-Q_2024-05-03_0000318154-24-000020.xlsx,Balance Sheet,"March 31, 2024 (Unaudited) ASSETS","Common stock and additional paid-in capital; $0.0001 par value; 2,750.0 shares authorized; outstanding—536.4 shares in 2024 and 535.4 shares in 2023",us-gaap:CommonStockParOrStatedValuePerShare,reported,
balance_sheet,us-gaap:RetainedEarningsAccumulatedDeficit,Accumulated deficit,1Q24,-27870.0,AMGN_SEC-XBRL-financials_as-presented_10-Q_2024-05-03_0000318154-24-000020.xlsx,Balance Sheet,"March 31, 2024 (Unaudited) ASSETS",Accumulated deficit,us-gaap:RetainedEarningsAccumulatedDeficit,reported,
balance_sheet,us-gaap:AccumulatedOtherComprehensiveIncomeLossNetOfTax,Accumulated other comprehensive loss,1Q24,-190.0,AMGN_SEC-XBRL-financials_as-presented_10-Q_2024-05-03_0000318154-24-000020.xlsx,Balance Sheet,"March 31, 2024 (Unaudited) ASSETS",Accumulated other comprehensive loss,us-gaap:AccumulatedOtherComprehensiveIncomeLossNetOfTax,reported,
balance_sheet,us-gaap:StockholdersEquity,Total stockholders’ equity,1Q24,5022.0,AMGN_SEC-XBRL-financials_as-presented_10-Q_2024-05-03_0000318154-24-000020.xlsx,Balance Sheet,"March 31, 2024 (Unaudited) ASSETS",Total stockholders’ equity,us-gaap:StockholdersEquity,reported,
balance_sheet,us-gaap:LiabilitiesAndStockholdersEquity,Total liabilities and stockholders’ equity,1Q24,92980.0,AMGN_SEC-XBRL-financials_as-presented_10-Q_2024-05-03_0000318154-24-000020.xlsx,Balance Sheet,"March 31, 2024 (Unaudited) ASSETS",Total liabilities and stockholders’ equity,us-gaap:LiabilitiesAndStockholdersEquity,reported,
balance_sheet,us-gaap:CashAndCashEquivalentsAtCarryingValue,Cash and cash equivalents,2Q24,9301.0,AMGN_SEC-XBRL-financials_as-presented_10-Q_2024-08-07_0000318154-24-000035.xlsx,Balance Sheet,"June 30, 2024 (Unaudited) ASSETS",Cash and cash equivalents,us-gaap:CashAndCashEquivalentsAtCarryingValue,reported,
balance_sheet,us-gaap:AccountsReceivableNetCurrent,"Trade receivables, net",2Q24,6934.0,AMGN_SEC-XBRL-financials_as-presented_10-Q_2024-08-07_0000318154-24-000035.xlsx,Balance Sheet,"June 30, 2024 (Unaudited) ASSETS","Trade receivables, net",us-gaap:AccountsReceivableNetCurrent,reported,
balance_sheet,us-gaap:InventoryNet,Inventories,2Q24,7995.0,AMGN_SEC-XBRL-financials_as-presented_10-Q_2024-08-07_0000318154-24-000035.xlsx,Balance Sheet,"June 30, 2024 (Unaudited) ASSETS",Inventories,us-gaap:InventoryNet,reported,
balance_sheet,us-gaap:OtherAssetsCurrent,Other current assets,2Q24,2976.0,AMGN_SEC-XBRL-financials_as-presented_10-Q_2024-08-07_0000318154-24-000035.xlsx,Balance Sheet,"June 30, 2024 (Unaudited) ASSETS",Other current assets,us-gaap:OtherAssetsCurrent,reported,
balance_sheet,us-gaap:AssetsCurrent,Total current assets,2Q24,27206.0,AMGN_SEC-XBRL-financials_as-presented_10-Q_2024-08-07_0000318154-24-000035.xlsx,Balance Sheet,"June 30, 2024 (Unaudited) ASSETS",Total current assets,us-gaap:AssetsCurrent,reported,
balance_sheet,us-gaap:PropertyPlantAndEquipmentNet,"Property, plant and equipment, net",2Q24,6097.0,AMGN_SEC-XBRL-financials_as-presented_10-Q_2024-08-07_0000318154-24-000035.xlsx,Balance Sheet,"June 30, 2024 (Unaudited) ASSETS","Property, plant and equipment, net",us-gaap:PropertyPlantAndEquipmentNet,reported,
balance_sheet,us-gaap:IntangibleAssetsNetExcludingGoodwill,"Intangible assets, net",2Q24,30172.0,AMGN_SEC-XBRL-financials_as-presented_10-Q_2024-08-07_0000318154-24-000035.xlsx,Balance Sheet,"June 30, 2024 (Unaudited) ASSETS","Intangible assets, net",us-gaap:IntangibleAssetsNetExcludingGoodwill,reported,
balance_sheet,us-gaap:Goodwill,Goodwill,2Q24,18616.0,AMGN_SEC-XBRL-financials_as-presented_10-Q_2024-08-07_0000318154-24-000035.xlsx,Balance Sheet,"June 30, 2024 (Unaudited) ASSETS",Goodwill,us-gaap:Goodwill,reported,
balance_sheet,us-gaap:OtherAssetsNoncurrent,Other assets,2Q24,8816.0,AMGN_SEC-XBRL-financials_as-presented_10-Q_2024-08-07_0000318154-24-000035.xlsx,Balance Sheet,"June 30, 2024 (Unaudited) ASSETS",Other noncurrent assets,us-gaap:OtherAssetsNoncurrent,reported,
balance_sheet,us-gaap:Assets,Total assets,2Q24,90907.0,AMGN_SEC-XBRL-financials_as-presented_10-Q_2024-08-07_0000318154-24-000035.xlsx,Balance Sheet,"June 30, 2024 (Unaudited) ASSETS",Total assets,us-gaap:Assets,reported,
balance_sheet,us-gaap:AccountsPayableCurrent,Accounts payable,2Q24,2267.0,AMGN_SEC-XBRL-financials_as-presented_10-Q_2024-08-07_0000318154-24-000035.xlsx,Balance Sheet,"June 30, 2024 (Unaudited) ASSETS",Accounts payable,us-gaap:AccountsPayableCurrent,reported,
balance_sheet,us-gaap:AccruedLiabilitiesCurrent,Accrued liabilities,2Q24,13722.0,AMGN_SEC-XBRL-financials_as-presented_10-Q_2024-08-07_0000318154-24-000035.xlsx,Balance Sheet,"June 30, 2024 (Unaudited) ASSETS",Accrued liabilities,us-gaap:AccruedLiabilitiesCurrent,reported,
balance_sheet,us-gaap:LongTermDebtCurrent,Current portion of long-term debt,2Q24,5528.0,AMGN_SEC-XBRL-financials_as-presented_10-Q_2024-08-07_0000318154-24-000035.xlsx,Balance Sheet,"June 30, 2024 (Unaudited) ASSETS",Current portion of long-term debt,us-gaap:LongTermDebtCurrent,reported,
balance_sheet,us-gaap:LiabilitiesCurrent,Total current liabilities,2Q24,21517.0,AMGN_SEC-XBRL-financials_as-presented_10-Q_2024-08-07_0000318154-24-000035.xlsx,Balance Sheet,"June 30, 2024 (Unaudited) ASSETS",Total current liabilities,us-gaap:LiabilitiesCurrent,reported,
balance_sheet,us-gaap:LongTermDebtNoncurrent,Long-term debt,2Q24,57117.0,AMGN_SEC-XBRL-financials_as-presented_10-Q_2024-08-07_0000318154-24-000035.xlsx,Balance Sheet,"June 30, 2024 (Unaudited) ASSETS",Long-term debt,us-gaap:LongTermDebtNoncurrent,reported,
balance_sheet,us-gaap:DeferredIncomeTaxLiabilitiesNet,Long-term deferred tax liabilities,2Q24,1780.0,AMGN_SEC-XBRL-financials_as-presented_10-Q_2024-08-07_0000318154-24-000035.xlsx,Balance Sheet,"June 30, 2024 (Unaudited) ASSETS",Long-term deferred tax liabilities,us-gaap:DeferredIncomeTaxLiabilitiesNet,reported,
balance_sheet,us-gaap:LiabilityForUncertainTaxPositionsNoncurrent,Long-term tax liabilities,2Q24,2205.0,AMGN_SEC-XBRL-financials_as-presented_10-Q_2024-08-07_0000318154-24-000035.xlsx,Balance Sheet,"June 30, 2024 (Unaudited) ASSETS",Long-term tax liabilities,us-gaap:LiabilityForUncertainTaxPositionsNoncurrent,reported,
balance_sheet,us-gaap:OtherLiabilitiesNoncurrent,Other noncurrent liabilities,2Q24,2363.0,AMGN_SEC-XBRL-financials_as-presented_10-Q_2024-08-07_0000318154-24-000035.xlsx,Balance Sheet,"June 30, 2024 (Unaudited) ASSETS",Other noncurrent liabilities,us-gaap:OtherLiabilitiesNoncurrent,reported,
balance_sheet,us-gaap:CommonStockParOrStatedValuePerShare,"Common stock and additional paid-in capital; $0.0001 par value; 2,750.0 shares authorized; outstanding — 583.5 shares in 2020 and 591.4 shares in 2019",2Q24,33204.0,AMGN_SEC-XBRL-financials_as-presented_10-Q_2024-08-07_0000318154-24-000035.xlsx,Balance Sheet,"June 30, 2024 (Unaudited) ASSETS","Common stock and additional paid-in capital; $0.0001 par value; 2,750.0 shares authorized; outstanding—537.2 shares in 2024 and 535.4 shares in 2023",us-gaap:CommonStockParOrStatedValuePerShare,reported,
balance_sheet,us-gaap:RetainedEarningsAccumulatedDeficit,Accumulated deficit,2Q24,-27124.0,AMGN_SEC-XBRL-financials_as-presented_10-Q_2024-08-07_0000318154-24-000035.xlsx,Balance Sheet,"June 30, 2024 (Unaudited) ASSETS",Accumulated deficit,us-gaap:RetainedEarningsAccumulatedDeficit,reported,
balance_sheet,us-gaap:AccumulatedOtherComprehensiveIncomeLossNetOfTax,Accumulated other comprehensive loss,2Q24,-155.0,AMGN_SEC-XBRL-financials_as-presented_10-Q_2024-08-07_0000318154-24-000035.xlsx,Balance Sheet,"June 30, 2024 (Unaudited) ASSETS",Accumulated other comprehensive loss,us-gaap:AccumulatedOtherComprehensiveIncomeLossNetOfTax,reported,
balance_sheet,us-gaap:StockholdersEquity,Total stockholders’ equity,2Q24,5925.0,AMGN_SEC-XBRL-financials_as-presented_10-Q_2024-08-07_0000318154-24-000035.xlsx,Balance Sheet,"June 30, 2024 (Unaudited) ASSETS",Total stockholders’ equity,us-gaap:StockholdersEquity,reported,
balance_sheet,us-gaap:LiabilitiesAndStockholdersEquity,Total liabilities and stockholders’ equity,2Q24,90907.0,AMGN_SEC-XBRL-financials_as-presented_10-Q_2024-08-07_0000318154-24-000035.xlsx,Balance Sheet,"June 30, 2024 (Unaudited) ASSETS",Total liabilities and stockholders’ equity,us-gaap:LiabilitiesAndStockholdersEquity,reported,
balance_sheet,us-gaap:CashAndCashEquivalentsAtCarryingValue,Cash and cash equivalents,3Q24,9011.0,AMGN_SEC-XBRL-financials_as-presented_10-Q_2024-10-31_0000318154-24-000044.xlsx,Balance Sheet,"September 30, 2024 (Unaudited) ASSETS",Cash and cash equivalents,us-gaap:CashAndCashEquivalentsAtCarryingValue,reported,
balance_sheet,us-gaap:AccountsReceivableNetCurrent,"Trade receivables, net",3Q24,7317.0,AMGN_SEC-XBRL-financials_as-presented_10-Q_2024-10-31_0000318154-24-000044.xlsx,Balance Sheet,"September 30, 2024 (Unaudited) ASSETS","Trade receivables, net",us-gaap:AccountsReceivableNetCurrent,reported,
balance_sheet,us-gaap:InventoryNet,Inventories,3Q24,7362.0,AMGN_SEC-XBRL-financials_as-presented_10-Q_2024-10-31_0000318154-24-000044.xlsx,Balance Sheet,"September 30, 2024 (Unaudited) ASSETS",Inventories,us-gaap:InventoryNet,reported,
balance_sheet,us-gaap:OtherAssetsCurrent,Other current assets,3Q24,3076.0,AMGN_SEC-XBRL-financials_as-presented_10-Q_2024-10-31_0000318154-24-000044.xlsx,Balance Sheet,"September 30, 2024 (Unaudited) ASSETS",Other current assets,us-gaap:OtherAssetsCurrent,reported,
balance_sheet,us-gaap:AssetsCurrent,Total current assets,3Q24,26766.0,AMGN_SEC-XBRL-financials_as-presented_10-Q_2024-10-31_0000318154-24-000044.xlsx,Balance Sheet,"September 30, 2024 (Unaudited) ASSETS",Total current assets,us-gaap:AssetsCurrent,reported,
balance_sheet,us-gaap:PropertyPlantAndEquipmentNet,"Property, plant and equipment, net",3Q24,6156.0,AMGN_SEC-XBRL-financials_as-presented_10-Q_2024-10-31_0000318154-24-000044.xlsx,Balance Sheet,"September 30, 2024 (Unaudited) ASSETS","Property, plant and equipment, net",us-gaap:PropertyPlantAndEquipmentNet,reported,
balance_sheet,us-gaap:IntangibleAssetsNetExcludingGoodwill,"Intangible assets, net",3Q24,28920.0,AMGN_SEC-XBRL-financials_as-presented_10-Q_2024-10-31_0000318154-24-000044.xlsx,Balance Sheet,"September 30, 2024 (Unaudited) ASSETS","Intangible assets, net",us-gaap:IntangibleAssetsNetExcludingGoodwill,reported,
balance_sheet,us-gaap:Goodwill,Goodwill,3Q24,18658.0,AMGN_SEC-XBRL-financials_as-presented_10-Q_2024-10-31_0000318154-24-000044.xlsx,Balance Sheet,"September 30, 2024 (Unaudited) ASSETS",Goodwill,us-gaap:Goodwill,reported,
balance_sheet,us-gaap:OtherAssetsNoncurrent,Other assets,3Q24,10383.0,AMGN_SEC-XBRL-financials_as-presented_10-Q_2024-10-31_0000318154-24-000044.xlsx,Balance Sheet,"September 30, 2024 (Unaudited) ASSETS",Other noncurrent assets,us-gaap:OtherAssetsNoncurrent,reported,
balance_sheet,us-gaap:Assets,Total assets,3Q24,90883.0,AMGN_SEC-XBRL-financials_as-presented_10-Q_2024-10-31_0000318154-24-000044.xlsx,Balance Sheet,"September 30, 2024 (Unaudited) ASSETS",Total assets,us-gaap:Assets,reported,
balance_sheet,us-gaap:AccountsPayableCurrent,Accounts payable,3Q24,2147.0,AMGN_SEC-XBRL-financials_as-presented_10-Q_2024-10-31_0000318154-24-000044.xlsx,Balance Sheet,"September 30, 2024 (Unaudited) ASSETS",Accounts payable,us-gaap:AccountsPayableCurrent,reported,
balance_sheet,us-gaap:AccruedLiabilitiesCurrent,Accrued liabilities,3Q24,14621.0,AMGN_SEC-XBRL-financials_as-presented_10-Q_2024-10-31_0000318154-24-000044.xlsx,Balance Sheet,"September 30, 2024 (Unaudited) ASSETS",Accrued liabilities,us-gaap:AccruedLiabilitiesCurrent,reported,
balance_sheet,us-gaap:LongTermDebtCurrent,Current portion of long-term debt,3Q24,3544.0,AMGN_SEC-XBRL-financials_as-presented_10-Q_2024-10-31_0000318154-24-000044.xlsx,Balance Sheet,"September 30, 2024 (Unaudited) ASSETS",Current portion of long-term debt,us-gaap:LongTermDebtCurrent,reported,
balance_sheet,us-gaap:LiabilitiesCurrent,Total current liabilities,3Q24,20312.0,AMGN_SEC-XBRL-financials_as-presented_10-Q_2024-10-31_0000318154-24-000044.xlsx,Balance Sheet,"September 30, 2024 (Unaudited) ASSETS",Total current liabilities,us-gaap:LiabilitiesCurrent,reported,
balance_sheet,us-gaap:LongTermDebtNoncurrent,Long-term debt,3Q24,56854.0,AMGN_SEC-XBRL-financials_as-presented_10-Q_2024-10-31_0000318154-24-000044.xlsx,Balance Sheet,"September 30, 2024 (Unaudited) ASSETS",Long-term debt,us-gaap:LongTermDebtNoncurrent,reported,
balance_sheet,us-gaap:DeferredIncomeTaxLiabilitiesNet,Long-term deferred tax liabilities,3Q24,1711.0,AMGN_SEC-XBRL-financials_as-presented_10-Q_2024-10-31_0000318154-24-000044.xlsx,Balance Sheet,"September 30, 2024 (Unaudited) ASSETS",Long-term deferred tax liabilities,us-gaap:DeferredIncomeTaxLiabilitiesNet,reported,
balance_sheet,us-gaap:LiabilityForUncertainTaxPositionsNoncurrent,Long-term tax liabilities,3Q24,2280.0,AMGN_SEC-XBRL-financials_as-presented_10-Q_2024-10-31_0000318154-24-000044.xlsx,Balance Sheet,"September 30, 2024 (Unaudited) ASSETS",Long-term tax liabilities,us-gaap:LiabilityForUncertainTaxPositionsNoncurrent,reported,
balance_sheet,us-gaap:OtherLiabilitiesNoncurrent,Other noncurrent liabilities,3Q24,2199.0,AMGN_SEC-XBRL-financials_as-presented_10-Q_2024-10-31_0000318154-24-000044.xlsx,Balance Sheet,"September 30, 2024 (Unaudited) ASSETS",Other noncurrent liabilities,us-gaap:OtherLiabilitiesNoncurrent,reported,
balance_sheet,us-gaap:CommonStockParOrStatedValuePerShare,"Common stock and additional paid-in capital; $0.0001 par value; 2,750.0 shares authorized; outstanding — 583.5 shares in 2020 and 591.4 shares in 2019",3Q24,33393.0,AMGN_SEC-XBRL-financials_as-presented_10-Q_2024-10-31_0000318154-24-000044.xlsx,Balance Sheet,"September 30, 2024 (Unaudited) ASSETS","Common stock and additional paid-in capital; $0.0001 par value; 2,750.0 shares authorized; outstanding—537.5 shares in 2024 and 535.4 shares in 2023",us-gaap:CommonStockParOrStatedValuePerShare,reported,
balance_sheet,us-gaap:RetainedEarningsAccumulatedDeficit,Accumulated deficit,3Q24,-25530.0,AMGN_SEC-XBRL-financials_as-presented_10-Q_2024-10-31_0000318154-24-000044.xlsx,Balance Sheet,"September 30, 2024 (Unaudited) ASSETS",Accumulated deficit,us-gaap:RetainedEarningsAccumulatedDeficit,reported,
balance_sheet,us-gaap:AccumulatedOtherComprehensiveIncomeLossNetOfTax,Accumulated other comprehensive loss,3Q24,-336.0,AMGN_SEC-XBRL-financials_as-presented_10-Q_2024-10-31_0000318154-24-000044.xlsx,Balance Sheet,"September 30, 2024 (Unaudited) ASSETS",Accumulated other comprehensive loss,us-gaap:AccumulatedOtherComprehensiveIncomeLossNetOfTax,reported,
balance_sheet,us-gaap:StockholdersEquity,Total stockholders’ equity,3Q24,7527.0,AMGN_SEC-XBRL-financials_as-presented_10-Q_2024-10-31_0000318154-24-000044.xlsx,Balance Sheet,"September 30, 2024 (Unaudited) ASSETS",Total stockholders’ equity,us-gaap:StockholdersEquity,reported,
balance_sheet,us-gaap:LiabilitiesAndStockholdersEquity,Total liabilities and stockholders’ equity,3Q24,90883.0,AMGN_SEC-XBRL-financials_as-presented_10-Q_2024-10-31_0000318154-24-000044.xlsx,Balance Sheet,"September 30, 2024 (Unaudited) ASSETS",Total liabilities and stockholders’ equity,us-gaap:LiabilitiesAndStockholdersEquity,reported,
balance_sheet,us-gaap:CashAndCashEquivalentsAtCarryingValue,Cash and cash equivalents,1Q25,8810.0,AMGN_SEC-XBRL-financials_as-presented_10-Q_2025-05-02_0000318154-25-000020.xlsx,Balance Sheet,"March 31, 2025 (Unaudited) ASSETS",Cash and cash equivalents,us-gaap:CashAndCashEquivalentsAtCarryingValue,reported,
balance_sheet,us-gaap:AccountsReceivableNetCurrent,"Trade receivables, net",1Q25,8132.0,AMGN_SEC-XBRL-financials_as-presented_10-Q_2025-05-02_0000318154-25-000020.xlsx,Balance Sheet,"March 31, 2025 (Unaudited) ASSETS","Trade receivables, net",us-gaap:AccountsReceivableNetCurrent,reported,
balance_sheet,us-gaap:InventoryNet,Inventories,1Q25,6729.0,AMGN_SEC-XBRL-financials_as-presented_10-Q_2025-05-02_0000318154-25-000020.xlsx,Balance Sheet,"March 31, 2025 (Unaudited) ASSETS",Inventories,us-gaap:InventoryNet,reported,
balance_sheet,us-gaap:OtherAssetsCurrent,Other current assets,1Q25,3258.0,AMGN_SEC-XBRL-financials_as-presented_10-Q_2025-05-02_0000318154-25-000020.xlsx,Balance Sheet,"March 31, 2025 (Unaudited) ASSETS",Other current assets,us-gaap:OtherAssetsCurrent,reported,
balance_sheet,us-gaap:AssetsCurrent,Total current assets,1Q25,26929.0,AMGN_SEC-XBRL-financials_as-presented_10-Q_2025-05-02_0000318154-25-000020.xlsx,Balance Sheet,"March 31, 2025 (Unaudited) ASSETS",Total current assets,us-gaap:AssetsCurrent,reported,
balance_sheet,us-gaap:PropertyPlantAndEquipmentNet,"Property, plant and equipment, net",1Q25,6681.0,AMGN_SEC-XBRL-financials_as-presented_10-Q_2025-05-02_0000318154-25-000020.xlsx,Balance Sheet,"March 31, 2025 (Unaudited) ASSETS","Property, plant and equipment, net",us-gaap:PropertyPlantAndEquipmentNet,reported,
balance_sheet,us-gaap:IntangibleAssetsNetExcludingGoodwill,"Intangible assets, net",1Q25,25724.0,AMGN_SEC-XBRL-financials_as-presented_10-Q_2025-05-02_0000318154-25-000020.xlsx,Balance Sheet,"March 31, 2025 (Unaudited) ASSETS","Intangible assets, net",us-gaap:IntangibleAssetsNetExcludingGoodwill,reported,
balance_sheet,us-gaap:Goodwill,Goodwill,1Q25,18645.0,AMGN_SEC-XBRL-financials_as-presented_10-Q_2025-05-02_0000318154-25-000020.xlsx,Balance Sheet,"March 31, 2025 (Unaudited) ASSETS",Goodwill,us-gaap:Goodwill,reported,
balance_sheet,us-gaap:OtherAssetsNoncurrent,Other assets,1Q25,11388.0,AMGN_SEC-XBRL-financials_as-presented_10-Q_2025-05-02_0000318154-25-000020.xlsx,Balance Sheet,"March 31, 2025 (Unaudited) ASSETS",Other noncurrent assets,us-gaap:OtherAssetsNoncurrent,reported,
balance_sheet,us-gaap:Assets,Total assets,1Q25,89367.0,AMGN_SEC-XBRL-financials_as-presented_10-Q_2025-05-02_0000318154-25-000020.xlsx,Balance Sheet,"March 31, 2025 (Unaudited) ASSETS",Total assets,us-gaap:Assets,reported,
balance_sheet,us-gaap:AccountsPayableCurrent,Accounts payable,1Q25,2406.0,AMGN_SEC-XBRL-financials_as-presented_10-Q_2025-05-02_0000318154-25-000020.xlsx,Balance Sheet,"March 31, 2025 (Unaudited) ASSETS",Accounts payable,us-gaap:AccountsPayableCurrent,reported,
balance_sheet,us-gaap:AccruedLiabilitiesCurrent,Accrued liabilities,1Q25,17234.0,AMGN_SEC-XBRL-financials_as-presented_10-Q_2025-05-02_0000318154-25-000020.xlsx,Balance Sheet,"March 31, 2025 (Unaudited) ASSETS",Accrued liabilities,us-gaap:AccruedLiabilitiesCurrent,reported,
balance_sheet,us-gaap:LongTermDebtCurrent,Current portion of long-term debt,1Q25,3368.0,AMGN_SEC-XBRL-financials_as-presented_10-Q_2025-05-02_0000318154-25-000020.xlsx,Balance Sheet,"March 31, 2025 (Unaudited) ASSETS",Current portion of long-term debt,us-gaap:LongTermDebtCurrent,reported,
balance_sheet,us-gaap:LiabilitiesCurrent,Total current liabilities,1Q25,23008.0,AMGN_SEC-XBRL-financials_as-presented_10-Q_2025-05-02_0000318154-25-000020.xlsx,Balance Sheet,"March 31, 2025 (Unaudited) ASSETS",Total current liabilities,us-gaap:LiabilitiesCurrent,reported,
balance_sheet,us-gaap:LongTermDebtNoncurrent,Long-term debt,1Q25,54013.0,AMGN_SEC-XBRL-financials_as-presented_10-Q_2025-05-02_0000318154-25-000020.xlsx,Balance Sheet,"March 31, 2025 (Unaudited) ASSETS",Long-term debt,us-gaap:LongTermDebtNoncurrent,reported,
balance_sheet,us-gaap:DeferredIncomeTaxLiabilitiesNet,Long-term deferred tax liabilities,1Q25,1510.0,AMGN_SEC-XBRL-financials_as-presented_10-Q_2025-05-02_0000318154-25-000020.xlsx,Balance Sheet,"March 31, 2025 (Unaudited) ASSETS",Long-term deferred tax liabilities,us-gaap:DeferredIncomeTaxLiabilitiesNet,reported,
balance_sheet,us-gaap:LiabilityForUncertainTaxPositionsNoncurrent,Long-term tax liabilities,1Q25,2419.0,AMGN_SEC-XBRL-financials_as-presented_10-Q_2025-05-02_0000318154-25-000020.xlsx,Balance Sheet,"March 31, 2025 (Unaudited) ASSETS",Long-term tax liabilities,us-gaap:LiabilityForUncertainTaxPositionsNoncurrent,reported,
balance_sheet,us-gaap:OtherLiabilitiesNoncurrent,Other noncurrent liabilities,1Q25,2210.0,AMGN_SEC-XBRL-financials_as-presented_10-Q_2025-05-02_0000318154-25-000020.xlsx,Balance Sheet,"March 31, 2025 (Unaudited) ASSETS",Other noncurrent liabilities,us-gaap:OtherLiabilitiesNoncurrent,reported,
balance_sheet,us-gaap:CommonStockParOrStatedValuePerShare,"Common stock and additional paid-in capital; $0.0001 par value; 2,750.0 shares authorized; outstanding — 583.5 shares in 2020 and 591.4 shares in 2019",1Q25,33578.0,AMGN_SEC-XBRL-financials_as-presented_10-Q_2025-05-02_0000318154-25-000020.xlsx,Balance Sheet,"March 31, 2025 (Unaudited) ASSETS","Common stock and additional paid-in capital; $0.0001 par value; 2,750.0 shares authorized; outstanding—537.7 shares in 2025 and 536.9 shares in 2024",us-gaap:CommonStockParOrStatedValuePerShare,reported,
balance_sheet,us-gaap:RetainedEarningsAccumulatedDeficit,Accumulated deficit,1Q25,-27140.0,AMGN_SEC-XBRL-financials_as-presented_10-Q_2025-05-02_0000318154-25-000020.xlsx,Balance Sheet,"March 31, 2025 (Unaudited) ASSETS",Accumulated deficit,us-gaap:RetainedEarningsAccumulatedDeficit,reported,
balance_sheet,us-gaap:AccumulatedOtherComprehensiveIncomeLossNetOfTax,Accumulated other comprehensive loss,1Q25,-231.0,AMGN_SEC-XBRL-financials_as-presented_10-Q_2025-05-02_0000318154-25-000020.xlsx,Balance Sheet,"March 31, 2025 (Unaudited) ASSETS",Accumulated other comprehensive loss,us-gaap:AccumulatedOtherComprehensiveIncomeLossNetOfTax,reported,
balance_sheet,us-gaap:StockholdersEquity,Total stockholders’ equity,1Q25,6207.0,AMGN_SEC-XBRL-financials_as-presented_10-Q_2025-05-02_0000318154-25-000020.xlsx,Balance Sheet,"March 31, 2025 (Unaudited) ASSETS",Total stockholders’ equity,us-gaap:StockholdersEquity,reported,
balance_sheet,us-gaap:LiabilitiesAndStockholdersEquity,Total liabilities and stockholders’ equity,1Q25,89367.0,AMGN_SEC-XBRL-financials_as-presented_10-Q_2025-05-02_0000318154-25-000020.xlsx,Balance Sheet,"March 31, 2025 (Unaudited) ASSETS",Total liabilities and stockholders’ equity,us-gaap:LiabilitiesAndStockholdersEquity,reported,
balance_sheet,us-gaap:CashAndCashEquivalentsAtCarryingValue,Cash and cash equivalents,2Q25,8028.0,AMGN_SEC-XBRL-financials_as-presented_10-Q_2025-08-06_0000318154-25-000056.xlsx,Balance Sheet,"June 30, 2025 (Unaudited) ASSETS",Cash and cash equivalents,us-gaap:CashAndCashEquivalentsAtCarryingValue,reported,
balance_sheet,us-gaap:AccountsReceivableNetCurrent,"Trade receivables, net",2Q25,8701.0,AMGN_SEC-XBRL-financials_as-presented_10-Q_2025-08-06_0000318154-25-000056.xlsx,Balance Sheet,"June 30, 2025 (Unaudited) ASSETS","Trade receivables, net",us-gaap:AccountsReceivableNetCurrent,reported,
balance_sheet,us-gaap:InventoryNet,Inventories,2Q25,6583.0,AMGN_SEC-XBRL-financials_as-presented_10-Q_2025-08-06_0000318154-25-000056.xlsx,Balance Sheet,"June 30, 2025 (Unaudited) ASSETS",Inventories,us-gaap:InventoryNet,reported,
balance_sheet,us-gaap:OtherAssetsCurrent,Other current assets,2Q25,3422.0,AMGN_SEC-XBRL-financials_as-presented_10-Q_2025-08-06_0000318154-25-000056.xlsx,Balance Sheet,"June 30, 2025 (Unaudited) ASSETS",Other current assets,us-gaap:OtherAssetsCurrent,reported,
balance_sheet,us-gaap:AssetsCurrent,Total current assets,2Q25,26734.0,AMGN_SEC-XBRL-financials_as-presented_10-Q_2025-08-06_0000318154-25-000056.xlsx,Balance Sheet,"June 30, 2025 (Unaudited) ASSETS",Total current assets,us-gaap:AssetsCurrent,reported,
balance_sheet,us-gaap:PropertyPlantAndEquipmentNet,"Property, plant and equipment, net",2Q25,6855.0,AMGN_SEC-XBRL-financials_as-presented_10-Q_2025-08-06_0000318154-25-000056.xlsx,Balance Sheet,"June 30, 2025 (Unaudited) ASSETS","Property, plant and equipment, net",us-gaap:PropertyPlantAndEquipmentNet,reported,
balance_sheet,us-gaap:IntangibleAssetsNetExcludingGoodwill,"Intangible assets, net",2Q25,24614.0,AMGN_SEC-XBRL-financials_as-presented_10-Q_2025-08-06_0000318154-25-000056.xlsx,Balance Sheet,"June 30, 2025 (Unaudited) ASSETS","Intangible assets, net",us-gaap:IntangibleAssetsNetExcludingGoodwill,reported,
balance_sheet,us-gaap:Goodwill,Goodwill,2Q25,18674.0,AMGN_SEC-XBRL-financials_as-presented_10-Q_2025-08-06_0000318154-25-000056.xlsx,Balance Sheet,"June 30, 2025 (Unaudited) ASSETS",Goodwill,us-gaap:Goodwill,reported,
balance_sheet,us-gaap:OtherAssetsNoncurrent,Other assets,2Q25,11020.0,AMGN_SEC-XBRL-financials_as-presented_10-Q_2025-08-06_0000318154-25-000056.xlsx,Balance Sheet,"June 30, 2025 (Unaudited) ASSETS",Other noncurrent assets,us-gaap:OtherAssetsNoncurrent,reported,
balance_sheet,us-gaap:Assets,Total assets,2Q25,87897.0,AMGN_SEC-XBRL-financials_as-presented_10-Q_2025-08-06_0000318154-25-000056.xlsx,Balance Sheet,"June 30, 2025 (Unaudited) ASSETS",Total assets,us-gaap:Assets,reported,
balance_sheet,us-gaap:AccountsPayableCurrent,Accounts payable,2Q25,3010.0,AMGN_SEC-XBRL-financials_as-presented_10-Q_2025-08-06_0000318154-25-000056.xlsx,Balance Sheet,"June 30, 2025 (Unaudited) ASSETS",Accounts payable,us-gaap:AccountsPayableCurrent,reported,
balance_sheet,us-gaap:AccruedLiabilitiesCurrent,Accrued liabilities,2Q25,15022.0,AMGN_SEC-XBRL-financials_as-presented_10-Q_2025-08-06_0000318154-25-000056.xlsx,Balance Sheet,"June 30, 2025 (Unaudited) ASSETS",Accrued liabilities,us-gaap:AccruedLiabilitiesCurrent,reported,
balance_sheet,us-gaap:LongTermDebtCurrent,Current portion of long-term debt,2Q25,2444.0,AMGN_SEC-XBRL-financials_as-presented_10-Q_2025-08-06_0000318154-25-000056.xlsx,Balance Sheet,"June 30, 2025 (Unaudited) ASSETS",Current portion of long-term debt,us-gaap:LongTermDebtCurrent,reported,
balance_sheet,us-gaap:LiabilitiesCurrent,Total current liabilities,2Q25,20476.0,AMGN_SEC-XBRL-financials_as-presented_10-Q_2025-08-06_0000318154-25-000056.xlsx,Balance Sheet,"June 30, 2025 (Unaudited) ASSETS",Total current liabilities,us-gaap:LiabilitiesCurrent,reported,
balance_sheet,us-gaap:LongTermDebtNoncurrent,Long-term debt,2Q25,53760.0,AMGN_SEC-XBRL-financials_as-presented_10-Q_2025-08-06_0000318154-25-000056.xlsx,Balance Sheet,"June 30, 2025 (Unaudited) ASSETS",Long-term debt,us-gaap:LongTermDebtNoncurrent,reported,
balance_sheet,us-gaap:DeferredIncomeTaxLiabilitiesNet,Long-term deferred tax liabilities,2Q25,1386.0,AMGN_SEC-XBRL-financials_as-presented_10-Q_2025-08-06_0000318154-25-000056.xlsx,Balance Sheet,"June 30, 2025 (Unaudited) ASSETS",Long-term deferred tax liabilities,us-gaap:DeferredIncomeTaxLiabilitiesNet,reported,
balance_sheet,us-gaap:LiabilityForUncertainTaxPositionsNoncurrent,Long-term tax liabilities,2Q25,2511.0,AMGN_SEC-XBRL-financials_as-presented_10-Q_2025-08-06_0000318154-25-000056.xlsx,Balance Sheet,"June 30, 2025 (Unaudited) ASSETS",Long-term tax liabilities,us-gaap:LiabilityForUncertainTaxPositionsNoncurrent,reported,
balance_sheet,us-gaap:OtherLiabilitiesNoncurrent,Other noncurrent liabilities,2Q25,2336.0,AMGN_SEC-XBRL-financials_as-presented_10-Q_2025-08-06_0000318154-25-000056.xlsx,Balance Sheet,"June 30, 2025 (Unaudited) ASSETS",Other noncurrent liabilities,us-gaap:OtherLiabilitiesNoncurrent,reported,
balance_sheet,us-gaap:CommonStockParOrStatedValuePerShare,"Common stock and additional paid-in capital; $0.0001 par value; 2,750.0 shares authorized; outstanding — 583.5 shares in 2020 and 591.4 shares in 2019",2Q25,33680.0,AMGN_SEC-XBRL-financials_as-presented_10-Q_2025-08-06_0000318154-25-000056.xlsx,Balance Sheet,"June 30, 2025 (Unaudited) ASSETS","Common stock and additional paid-in capital; $0.0001 par value; 2,750.0 shares authorized; outstanding—538.3 shares in 2025 and 536.9 shares in 2024",us-gaap:CommonStockParOrStatedValuePerShare,reported,
balance_sheet,us-gaap:RetainedEarningsAccumulatedDeficit,Accumulated deficit,2Q25,-25708.0,AMGN_SEC-XBRL-financials_as-presented_10-Q_2025-08-06_0000318154-25-000056.xlsx,Balance Sheet,"June 30, 2025 (Unaudited) ASSETS",Accumulated deficit,us-gaap:RetainedEarningsAccumulatedDeficit,reported,
balance_sheet,us-gaap:AccumulatedOtherComprehensiveIncomeLossNetOfTax,Accumulated other comprehensive loss,2Q25,-544.0,AMGN_SEC-XBRL-financials_as-presented_10-Q_2025-08-06_0000318154-25-000056.xlsx,Balance Sheet,"June 30, 2025 (Unaudited) ASSETS",Accumulated other comprehensive loss,us-gaap:AccumulatedOtherComprehensiveIncomeLossNetOfTax,reported,
balance_sheet,us-gaap:StockholdersEquity,Total stockholders’ equity,2Q25,7428.0,AMGN_SEC-XBRL-financials_as-presented_10-Q_2025-08-06_0000318154-25-000056.xlsx,Balance Sheet,"June 30, 2025 (Unaudited) ASSETS",Total stockholders’ equity,us-gaap:StockholdersEquity,reported,
balance_sheet,us-gaap:LiabilitiesAndStockholdersEquity,Total liabilities and stockholders’ equity,2Q25,87897.0,AMGN_SEC-XBRL-financials_as-presented_10-Q_2025-08-06_0000318154-25-000056.xlsx,Balance Sheet,"June 30, 2025 (Unaudited) ASSETS",Total liabilities and stockholders’ equity,us-gaap:LiabilitiesAndStockholdersEquity,reported,
balance_sheet,us-gaap:CashAndCashEquivalentsAtCarryingValue,Cash and cash equivalents,3Q25,9445.0,AMGN_SEC-XBRL-financials_as-presented_10-Q_2025-11-05_0000318154-25-000072.xlsx,Balance Sheet,"September 30, 2025 (Unaudited) ASSETS",Cash and cash equivalents,us-gaap:CashAndCashEquivalentsAtCarryingValue,reported,
balance_sheet,us-gaap:AccountsReceivableNetCurrent,"Trade receivables, net",3Q25,8490.0,AMGN_SEC-XBRL-financials_as-presented_10-Q_2025-11-05_0000318154-25-000072.xlsx,Balance Sheet,"September 30, 2025 (Unaudited) ASSETS","Trade receivables, net",us-gaap:AccountsReceivableNetCurrent,reported,
balance_sheet,us-gaap:InventoryNet,Inventories,3Q25,6346.0,AMGN_SEC-XBRL-financials_as-presented_10-Q_2025-11-05_0000318154-25-000072.xlsx,Balance Sheet,"September 30, 2025 (Unaudited) ASSETS",Inventories,us-gaap:InventoryNet,reported,
balance_sheet,us-gaap:OtherAssetsCurrent,Other current assets,3Q25,3604.0,AMGN_SEC-XBRL-financials_as-presented_10-Q_2025-11-05_0000318154-25-000072.xlsx,Balance Sheet,"September 30, 2025 (Unaudited) ASSETS",Other current assets,us-gaap:OtherAssetsCurrent,reported,
balance_sheet,us-gaap:AssetsCurrent,Total current assets,3Q25,27885.0,AMGN_SEC-XBRL-financials_as-presented_10-Q_2025-11-05_0000318154-25-000072.xlsx,Balance Sheet,"September 30, 2025 (Unaudited) ASSETS",Total current assets,us-gaap:AssetsCurrent,reported,
balance_sheet,us-gaap:PropertyPlantAndEquipmentNet,"Property, plant and equipment, net",3Q25,7220.0,AMGN_SEC-XBRL-financials_as-presented_10-Q_2025-11-05_0000318154-25-000072.xlsx,Balance Sheet,"September 30, 2025 (Unaudited) ASSETS","Property, plant and equipment, net",us-gaap:PropertyPlantAndEquipmentNet,reported,
balance_sheet,us-gaap:IntangibleAssetsNetExcludingGoodwill,"Intangible assets, net",3Q25,23139.0,AMGN_SEC-XBRL-financials_as-presented_10-Q_2025-11-05_0000318154-25-000072.xlsx,Balance Sheet,"September 30, 2025 (Unaudited) ASSETS","Intangible assets, net",us-gaap:IntangibleAssetsNetExcludingGoodwill,reported,
balance_sheet,us-gaap:Goodwill,Goodwill,3Q25,18676.0,AMGN_SEC-XBRL-financials_as-presented_10-Q_2025-11-05_0000318154-25-000072.xlsx,Balance Sheet,"September 30, 2025 (Unaudited) ASSETS",Goodwill,us-gaap:Goodwill,reported,
balance_sheet,us-gaap:OtherAssetsNoncurrent,Other assets,3Q25,13221.0,AMGN_SEC-XBRL-financials_as-presented_10-Q_2025-11-05_0000318154-25-000072.xlsx,Balance Sheet,"September 30, 2025 (Unaudited) ASSETS",Other noncurrent assets,us-gaap:OtherAssetsNoncurrent,reported,
balance_sheet,us-gaap:Assets,Total assets,3Q25,90141.0,AMGN_SEC-XBRL-financials_as-presented_10-Q_2025-11-05_0000318154-25-000072.xlsx,Balance Sheet,"September 30, 2025 (Unaudited) ASSETS",Total assets,us-gaap:Assets,reported,
balance_sheet,us-gaap:AccountsPayableCurrent,Accounts payable,3Q25,2838.0,AMGN_SEC-XBRL-financials_as-presented_10-Q_2025-11-05_0000318154-25-000072.xlsx,Balance Sheet,"September 30, 2025 (Unaudited) ASSETS",Accounts payable,us-gaap:AccountsPayableCurrent,reported,
balance_sheet,us-gaap:AccruedLiabilitiesCurrent,Accrued liabilities,3Q25,16800.0,AMGN_SEC-XBRL-financials_as-presented_10-Q_2025-11-05_0000318154-25-000072.xlsx,Balance Sheet,"September 30, 2025 (Unaudited) ASSETS",Accrued liabilities,us-gaap:AccruedLiabilitiesCurrent,reported,
balance_sheet,us-gaap:LongTermDebtCurrent,Current portion of long-term debt,3Q25,2153.0,AMGN_SEC-XBRL-financials_as-presented_10-Q_2025-11-05_0000318154-25-000072.xlsx,Balance Sheet,"September 30, 2025 (Unaudited) ASSETS",Current portion of long-term debt,us-gaap:LongTermDebtCurrent,reported,
balance_sheet,us-gaap:LiabilitiesCurrent,Total current liabilities,3Q25,21791.0,AMGN_SEC-XBRL-financials_as-presented_10-Q_2025-11-05_0000318154-25-000072.xlsx,Balance Sheet,"September 30, 2025 (Unaudited) ASSETS",Total current liabilities,us-gaap:LiabilitiesCurrent,reported,
balance_sheet,us-gaap:LongTermDebtNoncurrent,Long-term debt,3Q25,52434.0,AMGN_SEC-XBRL-financials_as-presented_10-Q_2025-11-05_0000318154-25-000072.xlsx,Balance Sheet,"September 30, 2025 (Unaudited) ASSETS",Long-term debt,us-gaap:LongTermDebtNoncurrent,reported,
balance_sheet,us-gaap:DeferredIncomeTaxLiabilitiesNet,Long-term deferred tax liabilities,3Q25,1458.0,AMGN_SEC-XBRL-financials_as-presented_10-Q_2025-11-05_0000318154-25-000072.xlsx,Balance Sheet,"September 30, 2025 (Unaudited) ASSETS",Long-term deferred tax liabilities,us-gaap:DeferredIncomeTaxLiabilitiesNet,reported,
balance_sheet,us-gaap:LiabilityForUncertainTaxPositionsNoncurrent,Long-term tax liabilities,3Q25,2616.0,AMGN_SEC-XBRL-financials_as-presented_10-Q_2025-11-05_0000318154-25-000072.xlsx,Balance Sheet,"September 30, 2025 (Unaudited) ASSETS",Long-term tax liabilities,us-gaap:LiabilityForUncertainTaxPositionsNoncurrent,reported,
balance_sheet,us-gaap:OtherLiabilitiesNoncurrent,Other noncurrent liabilities,3Q25,2223.0,AMGN_SEC-XBRL-financials_as-presented_10-Q_2025-11-05_0000318154-25-000072.xlsx,Balance Sheet,"September 30, 2025 (Unaudited) ASSETS",Other noncurrent liabilities,us-gaap:OtherLiabilitiesNoncurrent,reported,
balance_sheet,us-gaap:CommonStockParOrStatedValuePerShare,"Common stock and additional paid-in capital; $0.0001 par value; 2,750.0 shares authorized; outstanding — 583.5 shares in 2020 and 591.4 shares in 2019",3Q25,33841.0,AMGN_SEC-XBRL-financials_as-presented_10-Q_2025-11-05_0000318154-25-000072.xlsx,Balance Sheet,"September 30, 2025 (Unaudited) ASSETS","Common stock and additional paid-in capital; $0.0001 par value; 2,750.0 shares authorized; outstanding—538.5 shares in 2025 and 536.9 shares in 2024",us-gaap:CommonStockParOrStatedValuePerShare,reported,
balance_sheet,us-gaap:RetainedEarningsAccumulatedDeficit,Accumulated deficit,3Q25,-23800.0,AMGN_SEC-XBRL-financials_as-presented_10-Q_2025-11-05_0000318154-25-000072.xlsx,Balance Sheet,"September 30, 2025 (Unaudited) ASSETS",Accumulated deficit,us-gaap:RetainedEarningsAccumulatedDeficit,reported,
balance_sheet,us-gaap:AccumulatedOtherComprehensiveIncomeLossNetOfTax,Accumulated other comprehensive loss,3Q25,-422.0,AMGN_SEC-XBRL-financials_as-presented_10-Q_2025-11-05_0000318154-25-000072.xlsx,Balance Sheet,"September 30, 2025 (Unaudited) ASSETS",Accumulated other comprehensive loss,us-gaap:AccumulatedOtherComprehensiveIncomeLossNetOfTax,reported,
balance_sheet,us-gaap:StockholdersEquity,Total stockholders’ equity,3Q25,9619.0,AMGN_SEC-XBRL-financials_as-presented_10-Q_2025-11-05_0000318154-25-000072.xlsx,Balance Sheet,"September 30, 2025 (Unaudited) ASSETS",Total stockholders’ equity,us-gaap:StockholdersEquity,reported,
balance_sheet,us-gaap:LiabilitiesAndStockholdersEquity,Total liabilities and stockholders’ equity,3Q25,90141.0,AMGN_SEC-XBRL-financials_as-presented_10-Q_2025-11-05_0000318154-25-000072.xlsx,Balance Sheet,"September 30, 2025 (Unaudited) ASSETS",Total liabilities and stockholders’ equity,us-gaap:LiabilitiesAndStockholdersEquity,reported,
balance_sheet,us-gaap:CashAndCashEquivalentsAtCarryingValue,Cash and cash equivalents,1Q26,12038.0,AMGN_SEC-XBRL-financials_as-presented_10-Q_2026-05-01_0000318154-26-000057.xlsx,Balance Sheet,"March 31, 2026 (Unaudited) ASSETS",Cash and cash equivalents,us-gaap:CashAndCashEquivalentsAtCarryingValue,reported,
balance_sheet,us-gaap:AccountsReceivableNetCurrent,"Trade receivables, net",1Q26,9138.0,AMGN_SEC-XBRL-financials_as-presented_10-Q_2026-05-01_0000318154-26-000057.xlsx,Balance Sheet,"March 31, 2026 (Unaudited) ASSETS","Trade receivables, net",us-gaap:AccountsReceivableNetCurrent,reported,
balance_sheet,us-gaap:InventoryNet,Inventories,1Q26,6186.0,AMGN_SEC-XBRL-financials_as-presented_10-Q_2026-05-01_0000318154-26-000057.xlsx,Balance Sheet,"March 31, 2026 (Unaudited) ASSETS",Inventories,us-gaap:InventoryNet,reported,
balance_sheet,us-gaap:OtherAssetsCurrent,Other current assets,1Q26,4113.0,AMGN_SEC-XBRL-financials_as-presented_10-Q_2026-05-01_0000318154-26-000057.xlsx,Balance Sheet,"March 31, 2026 (Unaudited) ASSETS",Other current assets,us-gaap:OtherAssetsCurrent,reported,
balance_sheet,us-gaap:AssetsCurrent,Total current assets,1Q26,31475.0,AMGN_SEC-XBRL-financials_as-presented_10-Q_2026-05-01_0000318154-26-000057.xlsx,Balance Sheet,"March 31, 2026 (Unaudited) ASSETS",Total current assets,us-gaap:AssetsCurrent,reported,
balance_sheet,us-gaap:PropertyPlantAndEquipmentNet,"Property, plant and equipment, net",1Q26,8216.0,AMGN_SEC-XBRL-financials_as-presented_10-Q_2026-05-01_0000318154-26-000057.xlsx,Balance Sheet,"March 31, 2026 (Unaudited) ASSETS","Property, plant and equipment, net",us-gaap:PropertyPlantAndEquipmentNet,reported,
balance_sheet,us-gaap:IntangibleAssetsNetExcludingGoodwill,"Intangible assets, net",1Q26,21379.0,AMGN_SEC-XBRL-financials_as-presented_10-Q_2026-05-01_0000318154-26-000057.xlsx,Balance Sheet,"March 31, 2026 (Unaudited) ASSETS","Intangible assets, net",us-gaap:IntangibleAssetsNetExcludingGoodwill,reported,
balance_sheet,us-gaap:Goodwill,Goodwill,1Q26,18674.0,AMGN_SEC-XBRL-financials_as-presented_10-Q_2026-05-01_0000318154-26-000057.xlsx,Balance Sheet,"March 31, 2026 (Unaudited) ASSETS",Goodwill,us-gaap:Goodwill,reported,
balance_sheet,us-gaap:OtherAssetsNoncurrent,Other assets,1Q26,12760.0,AMGN_SEC-XBRL-financials_as-presented_10-Q_2026-05-01_0000318154-26-000057.xlsx,Balance Sheet,"March 31, 2026 (Unaudited) ASSETS",Other noncurrent assets,us-gaap:OtherAssetsNoncurrent,reported,
balance_sheet,us-gaap:Assets,Total assets,1Q26,92504.0,AMGN_SEC-XBRL-financials_as-presented_10-Q_2026-05-01_0000318154-26-000057.xlsx,Balance Sheet,"March 31, 2026 (Unaudited) ASSETS",Total assets,us-gaap:Assets,reported,
balance_sheet,us-gaap:AccountsPayableCurrent,Accounts payable,1Q26,2935.0,AMGN_SEC-XBRL-financials_as-presented_10-Q_2026-05-01_0000318154-26-000057.xlsx,Balance Sheet,"March 31, 2026 (Unaudited) ASSETS",Accounts payable,us-gaap:AccountsPayableCurrent,reported,
balance_sheet,us-gaap:AccruedLiabilitiesCurrent,Accrued liabilities,1Q26,16583.0,AMGN_SEC-XBRL-financials_as-presented_10-Q_2026-05-01_0000318154-26-000057.xlsx,Balance Sheet,"March 31, 2026 (Unaudited) ASSETS",Accrued liabilities,us-gaap:AccruedLiabilitiesCurrent,reported,
balance_sheet,us-gaap:LongTermDebtCurrent,Current portion of long-term debt,1Q26,5437.0,AMGN_SEC-XBRL-financials_as-presented_10-Q_2026-05-01_0000318154-26-000057.xlsx,Balance Sheet,"March 31, 2026 (Unaudited) ASSETS",Current portion of long-term debt,us-gaap:LongTermDebtCurrent,reported,
balance_sheet,us-gaap:LiabilitiesCurrent,Total current liabilities,1Q26,24955.0,AMGN_SEC-XBRL-financials_as-presented_10-Q_2026-05-01_0000318154-26-000057.xlsx,Balance Sheet,"March 31, 2026 (Unaudited) ASSETS",Total current liabilities,us-gaap:LiabilitiesCurrent,reported,
balance_sheet,us-gaap:LongTermDebtNoncurrent,Long-term debt,1Q26,51886.0,AMGN_SEC-XBRL-financials_as-presented_10-Q_2026-05-01_0000318154-26-000057.xlsx,Balance Sheet,"March 31, 2026 (Unaudited) ASSETS",Long-term debt,us-gaap:LongTermDebtNoncurrent,reported,
balance_sheet,us-gaap:DeferredIncomeTaxLiabilitiesNet,Long-term deferred tax liabilities,1Q26,1344.0,AMGN_SEC-XBRL-financials_as-presented_10-Q_2026-05-01_0000318154-26-000057.xlsx,Balance Sheet,"March 31, 2026 (Unaudited) ASSETS",Long-term deferred tax liabilities,us-gaap:DeferredIncomeTaxLiabilitiesNet,reported,
balance_sheet,us-gaap:LiabilityForUncertainTaxPositionsNoncurrent,Long-term tax liabilities,1Q26,2764.0,AMGN_SEC-XBRL-financials_as-presented_10-Q_2026-05-01_0000318154-26-000057.xlsx,Balance Sheet,"March 31, 2026 (Unaudited) ASSETS",Long-term tax liabilities,us-gaap:LiabilityForUncertainTaxPositionsNoncurrent,reported,
balance_sheet,us-gaap:OtherLiabilitiesNoncurrent,Other noncurrent liabilities,1Q26,2365.0,AMGN_SEC-XBRL-financials_as-presented_10-Q_2026-05-01_0000318154-26-000057.xlsx,Balance Sheet,"March 31, 2026 (Unaudited) ASSETS",Other noncurrent liabilities,us-gaap:OtherLiabilitiesNoncurrent,reported,
balance_sheet,us-gaap:CommonStockParOrStatedValuePerShare,"Common stock and additional paid-in capital; $0.0001 par value; 2,750.0 shares authorized; outstanding — 583.5 shares in 2020 and 591.4 shares in 2019",1Q26,34030.0,AMGN_SEC-XBRL-financials_as-presented_10-Q_2026-05-01_0000318154-26-000057.xlsx,Balance Sheet,"March 31, 2026 (Unaudited) ASSETS","Common stock and additional paid-in capital; $0.0001 par value; 2,750.0 shares authorized; outstanding—539.7 shares in 2026 and 538.8 shares in 2025",us-gaap:CommonStockParOrStatedValuePerShare,reported,
balance_sheet,us-gaap:RetainedEarningsAccumulatedDeficit,Accumulated deficit,1Q26,-24650.0,AMGN_SEC-XBRL-financials_as-presented_10-Q_2026-05-01_0000318154-26-000057.xlsx,Balance Sheet,"March 31, 2026 (Unaudited) ASSETS",Accumulated deficit,us-gaap:RetainedEarningsAccumulatedDeficit,reported,
balance_sheet,us-gaap:AccumulatedOtherComprehensiveIncomeLossNetOfTax,Accumulated other comprehensive loss,1Q26,-190.0,AMGN_SEC-XBRL-financials_as-presented_10-Q_2026-05-01_0000318154-26-000057.xlsx,Balance Sheet,"March 31, 2026 (Unaudited) ASSETS",Accumulated other comprehensive loss,us-gaap:AccumulatedOtherComprehensiveIncomeLossNetOfTax,reported,
balance_sheet,us-gaap:StockholdersEquity,Total stockholders’ equity,1Q26,9190.0,AMGN_SEC-XBRL-financials_as-presented_10-Q_2026-05-01_0000318154-26-000057.xlsx,Balance Sheet,"March 31, 2026 (Unaudited) ASSETS",Total stockholders’ equity,us-gaap:StockholdersEquity,reported,
balance_sheet,us-gaap:LiabilitiesAndStockholdersEquity,Total liabilities and stockholders’ equity,1Q26,92504.0,AMGN_SEC-XBRL-financials_as-presented_10-Q_2026-05-01_0000318154-26-000057.xlsx,Balance Sheet,"March 31, 2026 (Unaudited) ASSETS",Total liabilities and stockholders’ equity,us-gaap:LiabilitiesAndStockholdersEquity,reported,
